tree
version=v4
num_class=1
num_tree_per_iteration=1
label_index=0
max_feature_idx=43
objective=lambdarank
feature_names=speed_figure form_cycle weight_delta rest_fitness class_indicator jockey_win_rate trainer_win_rate gate_bias surface_affinity agf_edge sire_win_rate sire_surface_rate surface_switch distance_delta_m equipment_changed apprentice_jockey field_pace_density s20_edge agf_reliability late_agf_drift late_jockey_change late_equipment_change late_gate_change tipster_consensus jockey_discipline_flag days_since_workout workout_speed_ms n_workouts_recent temperature_c humidity_pct pressure_mb sky_bucket wind_kph steward_report_flag agf_raw hp_raw weight_kg_raw kgs_raw s20_raw gate_number age distance_meters field_size surface_is_kum
feature_infos=[13.000342114266164:16.84109226512691] [0:0.90927333680932843] [-0.07623318385650224:0.10112359550561797] [6.0348608059710055e-30:1] [-0.82300884955752207:1.2412451361867705] [0.016393442622950821:0.25882352941176473] [0.027777777777777776:0.48979591836734693] [-0.96153846153846145:0.5] [0.0625:0.2413793103448276] [-1:6] [0.045454545454545456:0.49122807017543857] [0.032967032967032968:0.54166666666666663] [0:1] [-1200:1100] [0:1] none [0:0.38461538461538464] [-0.46666666666666667:0.33333333333333331] none none none none none none none none none none none none none none none none [0:71] [8:101] [50:62] [7:195] [8:20] [1:20] [2:12] [1200:2200] [4:20] [0:1]
tree_sizes=3400 3380 3410 3398 3406

Tree=0
num_leaves=31
num_cat=0
split_feature=9 9 9 42 13 8 36 35 12 4 5 7 43 4 13 4 35 9 6 8 40 11 2 5 11 8 8 35 36 34
split_gain=133.645 23.1249 20.6276 7.09332 5.79926 5.49155 5.34763 5.24335 4.92147 3.98017 4.76703 3.50668 3.65692 3.18408 3.09713 2.65891 2.63487 2.14712 2.00303 2.77084 1.85828 1.787 2.31656 1.50331 1.38802 1.38049 1.14691 0.697489 0.945657 0.588922
threshold=-0.11000000000000001 -0.74999999999999989 0.60500000000000009 9.5000000000000018 550.00000000000011 0.13484848484848486 57.750000000000007 57.500000000000007 1.0000000180025095e-35 0.0073876504133810013 0.12609308752271353 0.05000000000000001 1.0000000180025095e-35 0.012461864625885546 250.00000000000003 0.071743247694334669 56.500000000000007 1.4550000000000001 0.11214973262032087 0.14495798319327732 5.5000000000000009 0.095564253098499682 -0.027437564146424887 0.11186690892573246 0.18167342211928203 0.096006144393241177 0.13484848484848486 49.500000000000007 58.750000000000007 16.500000000000004
decision_type=2 2 2 2 8 10 8 10 8 10 8 2 10 10 8 8 10 2 8 8 2 8 10 10 8 8 8 10 8 2
left_child=1 20 3 11 23 6 7 8 -3 16 14 12 -2 -4 15 -11 25 21 -13 -20 -1 -15 24 -5 -23 -8 -25 -19 -29 -24
right_child=2 5 13 4 -6 -7 9 -9 -10 10 -12 18 -14 17 -16 -17 -18 27 19 -21 -22 22 29 26 -26 -27 -28 28 -30 -31
leaf_value=-0.094433659016567834 -0.057445505631913432 0.046611807131124568 0.015361411299515421 -0.089993143671896966 0.054397580931146564 -0.086477054749338755 -0.083881672456470144 -0.057375915375691061 -0.031269365095002659 0.02421786939858522 -0.079989865278622896 0.074512929918590071 0.027295378354935174 0.019340264259146721 0.048747727671128283 -0.053729406828365724 -0.015265068783572706 0.093218470137829718 -0.005155838325742285 0.054660525544072996 -0.048912088685204233 0.018356416503640484 0.091947523690743702 -0.057904031223371726 0.061166406880334916 -0.041644391568621757 -0.0049122340247022174 0.08296389279389503 0.056179937231106883 0.068181005579052587
leaf_weight=23.192077551037077 2.0778277441859307 6.478823542594907 2.8596254624426356 1.8553152121603478 1.6045287996530531 3.6334967613220206 5.9045522846281537 2.6497955136001101 2.9530631937086591 1.9733594805002184 2.0308168791234502 3.5725139454007122 3.28730658441782 2.5825519524514702 2.7253186032176018 2.4553505852818489 2.9269211553037158 7.3223920837044743 3.3484124243259439 4.5898271650075912 2.4818117916584006 3.281490188091996 4.8177935145795328 2.4667371101677418 4.4761593602597713 2.8772563412785539 1.7422148473560808 10.343066275119778 4.8365508392453203 5.6790937520563602
leaf_count=292 27 38 25 29 10 47 77 33 32 13 26 16 24 21 17 30 27 23 33 26 26 29 13 37 24 32 21 40 32 27
internal_value=-0.000240646 -0.0536524 0.0467832 0.00974174 -0.0301319 -0.0281383 -0.0217101 0.00476877 0.0222277 -0.0370215 -0.0123819 0.0278613 -0.00552336 0.0664627 0.00681003 -0.0189974 -0.0563498 0.0698345 0.0434217 0.0294295 -0.0900332 0.0582694 0.0637769 -0.0524973 0.0430578 -0.0700431 -0.0359691 0.0805439 0.07443 0.0790892
internal_weight=133.026 62.2826 70.7434 24.5447 7.6688 36.6088 32.9753 12.0817 9.43189 20.8936 9.18485 16.8759 5.36513 46.1987 7.15403 4.42871 11.7087 43.3391 11.5108 7.93824 25.6739 20.8371 18.2545 6.06427 7.75765 8.78181 4.20895 22.502 15.1796 10.4969
internal_count=1147 690 457 223 97 372 325 103 70 222 86 126 51 234 60 43 136 209 75 59 318 114 93 87 53 109 58 95 72 40
is_linear=0
shrinkage=0.05


Tree=1
num_leaves=31
num_cat=0
split_feature=9 34 9 8 5 39 7 2 11 2 39 39 6 9 11 40 5 5 4 5 10 8 5 6 4 10 2 6 5 9
split_gain=140.993 29.4769 14.0181 11.9019 17.6592 10.1414 9.3062 7.38832 7.03778 6.96451 6.95703 7.56111 5.88008 5.72855 6.85328 5.688 5.21291 5.15044 7.00727 9.6542 5.97551 4.32201 4.04422 3.91743 3.51453 2.83351 4.41795 2.7175 3.43602 1.77144
threshold=-0.41999999999999998 17.500000000000004 -0.78499999999999992 0.096006144393241177 0.11657817271451761 2.5000000000000004 0.061538461538461549 -0.010582306830907088 0.16221315655277921 0.013891568589619895 4.5000000000000009 2.5000000000000004 0.059262510974539072 2.23 0.18167342211928203 4.5000000000000009 0.056737905749798805 0.10657227227985161 0.1738783718188753 0.15857372594184632 0.16463142218912882 0.16064516129032261 0.14565766196200983 0.19550198864289495 0.095661110485415049 0.21060023654642226 0.0080347564900236194 0.15417265247485964 0.12609308752271353 -0.67499999999999993
decision_type=2 2 2 10 10 2 2 8 8 8 2 2 8 2 8 2 10 10 10 10 10 10 10 8 10 10 10 10 10 2
left_child=2 3 12 4 10 9 8 -4 23 -3 11 -2 -1 17 -15 -10 -9 -7 19 24 -20 27 -8 -6 -19 29 -27 -5 -29 -18
right_child=1 5 7 21 6 13 22 16 15 -11 -12 -13 -14 14 -16 -17 25 18 20 -21 -22 -23 -24 -25 -26 26 -28 28 -30 -31
leaf_value=0.0035554996049380161 -0.059289958290965977 -0.021350986925399527 0.0088055220923051302 0.0132535010229771 -0.060437435520574158 0.003899744258399466 0.052797212360992135 -0.0055139203063943529 -0.017850688082356472 0.031993120710662119 -0.077899820503634712 0.022241402740839543 -0.084028791789011889 0.084493950304374954 0.036334539297083808 0.045096639387184445 -0.043427060448310087 0.020739749417204772 0.029375333134393885 -0.018877938332984324 0.072188303397685019 -0.010929592878368862 0.0049414321856099536 -0.0026423523602544089 0.062231298732387766 -0.053676330418783537 0.018858808132168548 0.070413914438388112 0.024756697698732 -0.073277913379455661
leaf_weight=2.0336139351129523 6.1093067675828951 11.092546805739401 7.3470174968242645 9.3103533834218997 8.0490826331079006 10.533424735069273 11.15253881365061 6.6702950969338408 7.6417434811592084 13.645645305514337 10.369890309870241 5.3198316134512424 33.228122487664223 15.991196990013124 13.729468628764151 6.7664836049079895 7.3134453967213622 9.6039130687713676 12.787938937544821 9.1935533136129362 22.472458839416504 6.4430568292736998 7.3073752224445334 4.6119072437286386 10.891938388347624 6.9414169415831548 3.0093495324254036 8.0497665032744425 8.4426314458250982 15.510104909539224
leaf_count=10 30 24 30 34 40 23 32 34 35 25 59 24 269 21 21 19 47 24 24 20 29 27 18 16 18 40 14 18 26 96
internal_value=0.00108262 0.0211936 -0.0551709 0.000724129 -0.0112389 0.0368792 0.0064797 -0.0372304 -0.0121879 0.00807375 -0.0482458 -0.0213402 -0.0789776 0.0436527 0.0622467 0.011711 -0.0458051 0.0363316 0.0415913 0.0236935 0.0566613 0.0257026 0.0338535 -0.0393849 0.0427893 -0.0540053 -0.03174 0.0348499 0.0470415 -0.0637127
internal_weight=311.569 229.516 82.0534 99.574 67.3282 129.942 45.5291 46.7916 27.0692 24.7382 21.799 11.4291 35.2617 105.204 29.7207 14.4082 39.4446 75.4832 64.9498 29.6894 35.2604 32.2458 18.4599 12.661 20.4959 32.7743 9.95077 25.8028 16.4924 22.8236
internal_count=1147 607 540 378 273 229 160 261 110 49 113 54 279 180 42 54 231 138 115 62 53 105 50 56 42 197 54 78 44 143
is_linear=0
shrinkage=0.05


Tree=2
num_leaves=31
num_cat=0
split_feature=9 4 9 9 2 7 40 13 43 39 11 10 7 35 12 8 2 9 6 34 41 11 39 4 2 41 13 11 4 5
split_gain=101.479 20.8327 13.6005 13.1845 7.03198 11.2498 5.95257 8.83221 7.39738 13.5161 7.48105 6.86089 9.21346 7.83171 11.7113 6.60623 5.67247 6.3023 5.47023 4.49201 4.37124 4.30884 5.559 4.8782 4.30508 9.54554 2.70803 2.45545 2.40494 1.9796
threshold=-0.41999999999999998 -0.073566717402333809 -0.74999999999999989 1.3250000000000004 -0.024554672513017278 0.096153846153846173 8.5000000000000018 150.00000000000003 1.0000000180025095e-35 3.5000000000000004 0.15635629251700683 0.20751951810472477 0.061538461538461549 72.500000000000014 1.0000000180025095e-35 0.093073593073593086 -0.010582306830907088 -0.65999999999999992 0.20431354359925794 6.5000000000000009 1350.0000000000002 0.16339523057364105 3.5000000000000004 0.42483177097514491 -0.010582306830907088 1550.0000000000002 -149.99999999999997 0.18194169960474313 -0.24397904988892319 0.091773198977289833
decision_type=2 10 2 2 10 2 2 8 10 2 8 10 2 10 10 10 8 2 10 2 2 10 2 8 10 2 10 8 8 10
left_child=2 18 -1 6 19 16 7 11 9 -9 -11 13 -13 14 20 -10 -6 -18 28 -4 -3 22 -5 -23 25 26 -22 -16 -2 -19
right_child=1 3 4 21 5 -7 -8 8 15 10 -12 12 -14 -15 27 -17 17 29 -20 -21 24 23 -24 -25 -26 -27 -28 -29 -30 -31
leaf_value=-0.073117527087518716 -0.013900949159475144 0.065003884162279688 -0.065305836369821665 0.023294298000414576 0.063159966315640956 -0.080069549282631436 0.056996978637818024 0.058999754030084541 -0.079950436045654577 -0.068280481445155985 0.016447590503757461 0.00020300971344582808 0.063617856977866441 -0.030866906596644567 -0.011113759660996207 -0.0094271886343789048 0.048463236931157519 -0.0090666999835531982 0.011652869914889357 -0.0011504093386810604 -0.0021329575669347487 0.012383541139770363 0.066328295921974534 0.055117633697921387 0.04988161911750455 0.041702681696905365 -0.053863948137667518 -0.063774859453781294 -0.062355029880100055 -0.06382625427465663
leaf_weight=34.762844741344452 3.4930338263511658 7.4694896265864363 13.451784722507002 10.681699827313421 4.1081361025571823 4.1368548870086661 7.5801328271627417 7.9028447940945652 5.7114681601524371 5.4362348392605755 5.0027365535497674 8.7768436297774333 16.487031847238541 9.6091206446289998 5.5921435877680752 7.9330081418156624 3.4263228252530107 3.4745491817593583 5.0922359451651564 3.4226603955030432 5.7328924238681775 18.707436367869377 25.228302344679832 10.38536609709263 9.8159770742058807 11.265389770269392 4.5279494896531105 3.6638162210583696 9.5958768129348773 3.1437025517225266
leaf_count=318 19 17 107 24 12 30 17 19 26 23 20 35 30 31 30 28 12 20 21 17 22 39 39 18 27 28 21 18 55 24
internal_value=0.00109466 0.0187843 -0.0509398 0.0237392 -0.0290151 -0.00753813 0.0140815 0.0112509 -0.0110691 0.00966971 -0.0276757 0.0198587 0.0415871 0.0103412 0.018579 -0.0389477 0.0136629 -0.00658094 -0.0323175 -0.0522931 0.0306314 0.0419406 0.0535275 0.0276385 0.0224398 0.00992629 -0.024961 -0.0319588 -0.0494241 -0.0350778
internal_weight=275.618 205.691 69.9269 187.51 35.164 18.2896 122.507 114.927 31.9863 18.3418 10.439 82.9407 25.2639 57.6768 48.0677 13.6445 14.1527 10.0446 18.1811 16.8744 38.8117 65.0028 35.91 29.0928 31.3422 21.5262 10.2608 9.25596 13.0889 6.61825
internal_count=1147 607 540 512 222 98 392 375 116 62 43 259 65 194 163 54 68 56 95 124 115 120 63 57 98 71 43 48 74 44
is_linear=0
shrinkage=0.05


Tree=3
num_leaves=31
num_cat=0
split_feature=34 9 9 5 8 35 10 35 4 42 4 35 6 10 42 2 6 39 8 39 10 8 10 4 34 6 10 8 42 40
split_gain=77.0577 21.3991 9.53808 8.45705 7.9441 7.73152 7.24676 6.27073 5.45322 6.15263 5.77085 5.10982 5.9299 4.91431 4.64927 4.11198 3.57 4.30521 2.86879 2.57633 2.30903 2.32001 3.03895 2.15814 2.13113 1.8489 1.63451 1.62735 1.38952 0.986211
threshold=9.5000000000000018 -0.74999999999999989 0.58000000000000007 0.13277449583985185 0.10172413793103451 83.500000000000014 0.16944521626377698 58.500000000000007 0.59389312977099251 6.5000000000000009 0.046935520619731157 47.500000000000007 0.14186763650059439 0.11444944740073681 6.5000000000000009 0.013334386914521644 0.15599583577330994 6.5000000000000009 0.13484848484848486 4.5000000000000009 0.14152816749406436 0.087595907928388769 0.21075293938669507 0.074663879324479501 5.5000000000000009 0.18924480035591149 0.20401761647903713 0.1126984126984127 8.5000000000000018 5.5000000000000009
decision_type=2 2 2 10 10 10 10 8 10 2 10 10 10 10 2 8 10 2 8 2 10 10 10 10 2 8 10 10 2 2
left_child=1 -1 3 4 26 7 14 11 9 -4 -11 13 -13 -3 -5 -8 17 -12 25 -18 -15 22 24 -23 -22 29 28 -21 -2 -9
right_child=2 5 8 6 -6 -7 15 18 -10 10 16 12 -14 20 -16 -17 19 -19 -20 27 21 23 -24 -25 -26 -27 -28 -29 -30 -31
leaf_value=-0.068833380315225901 -0.054434769783018026 0.025619439048856475 0.0032575154510194114 0.019059668210891605 0.011959148672525495 0.042510361029187406 0.013435504919948386 -0.07244929160033689 -0.0060442426350654091 0.0029974169081588113 0.046986495936065215 0.047429871957736063 -0.020883437786175827 -0.074030297180945767 -0.04125319787230055 0.056221777095385929 0.036184513276972113 0.0043117102153439838 -0.079861144329458705 0.071763978252013444 0.035125199821986294 -0.058127602419846727 -0.054616937382459999 -0.0037081762194659607 -0.021110631870987537 -0.0074099193731549939 -0.071786157703116943 0.048884172803740113 -0.012104162416269333 -0.03193564425922725
leaf_weight=31.637547083199024 3.7829446718096751 4.0310912579298046 13.387648448348044 6.8955693840980512 11.610200330615042 4.8598784692585459 9.7799557745456713 2.948166642338033 9.0271735265851003 9.3776140064001066 14.16578131914139 6.3653741069138032 6.3414853364229202 3.1496202573180225 5.9543667435646057 13.18719010055065 15.564123563468454 10.140905462205408 5.387581881135703 16.652769915759567 3.4710926339030284 7.4594069533050043 2.7394744381308556 2.4106010645627975 3.2735251523554325 3.8451250046491632 4.0951021015644073 14.572570011019705 3.9764121621847153 3.0625235363841057
leaf_count=318 20 19 28 19 33 16 29 26 21 35 33 25 38 27 31 34 33 27 41 30 19 65 23 14 23 17 24 32 25 22
internal_value=0.00120674 -0.0356226 0.0218691 0.00589419 -0.0174381 -0.0179174 0.0211797 -0.0233074 0.0310734 0.0346432 0.0398646 -0.0127354 0.0133374 -0.025221 -0.00888794 0.0380024 0.0447273 0.0291823 -0.0505233 0.0528029 -0.034328 -0.027867 -0.0102071 -0.0448365 0.00783093 -0.0344861 -0.0462296 0.0610862 -0.0327417 -0.0518071
internal_weight=253.153 90.9825 162.17 59.2817 23.4647 59.3449 35.8171 54.4851 102.889 93.8614 80.4738 39.2417 12.7069 26.5348 12.8499 22.9671 71.0962 24.3067 15.2434 46.7895 22.5037 19.3541 9.48409 9.87001 6.74462 9.85582 11.8545 31.2253 7.75936 6.01069
internal_count=1147 693 454 215 102 375 113 359 239 218 190 253 63 190 50 63 155 60 106 95 171 144 65 79 42 65 69 62 45 48
is_linear=0
shrinkage=0.05


Tree=4
num_leaves=31
num_cat=0
split_feature=9 9 4 5 2 5 13 4 4 4 41 5 10 5 8 9 8 9 6 9 4 6 4 6 9 34 7 4 42 4
split_gain=66.864 17.4042 6.65426 6.54279 6.94588 5.79029 6.57904 7.12659 6.38782 4.97053 4.56319 4.27345 4.20997 4.12887 7.54006 4.12413 7.10104 10.2898 5.87543 4.6182 3.79006 3.22377 3.11086 2.8189 2.29669 1.8078 1.68294 1.30784 0.809529 1.08998
threshold=-0.11000000000000001 -0.74999999999999989 0.26055145371876698 0.097851772287862529 -0.017778128950695318 0.19159471480900056 150.00000000000003 -0.064997005186761617 0.13240941726498587 0.32011013619520573 1450.0000000000002 0.046065428824049522 0.16587225119020635 0.17489251262488084 0.093073593073593086 -0.040000000000000029 0.14495798319327732 0.66500000000000015 0.15276899888170373 0.27000000000000007 0.028884254431699719 0.1859308103506144 0.1183393566280755 0.16006042296072512 -0.50499999999999989 7.5000000000000009 -0.046153846153846149 0.13987763060579569 15.500000000000002 -0.027224665250259437
decision_type=2 2 10 10 10 8 8 10 10 10 2 8 8 10 10 2 8 2 10 2 10 10 8 8 2 2 2 10 2 10
left_child=1 28 5 11 12 6 7 -2 23 -4 -6 -3 20 14 -11 -9 17 19 -19 -17 -5 -16 -18 -8 -12 -14 -13 -28 29 -1
right_child=2 3 9 4 10 -7 8 15 -10 13 24 26 25 -15 21 16 22 18 -20 -21 -22 -23 -24 -25 -26 -27 27 -29 -30 -31
leaf_value=-0.071679716206295568 -0.028516084686991107 0.011500228874185274 0.056066420190515359 -0.034612935289226869 -0.017425527426661518 -0.02831538422039824 0.035105044655027812 0.067007548193734986 -0.051289819914335469 -0.021596626083410082 0.057511387792884616 -0.012788690131204584 -0.06671113058337913 0.052294696208808215 0.051680652704025998 -0.00098287154252000046 0.065662906465159654 -0.00033635856674706782 0.050323932886348892 -0.068712958648192865 0.028536029389514928 0.011539801334265562 0.026346248289878346 -0.010594582319191413 0.013476802023823814 -0.022798220127997416 -0.064557459320949057 -0.028252781807707364 -0.032359758646026963 -0.045341735285315682
leaf_weight=22.848732775077231 5.835676245391368 3.3262830600142506 18.328397065401077 4.6825800761580485 6.3457672055810717 7.7831144630908957 6.2365575358271608 6.4880020022392264 6.0770979300141326 9.4768079333007353 5.8221984691917905 2.5422484874725404 5.9052589014172536 10.02358342707157 10.482065066695215 5.6291563063859922 11.277198046445845 9.9075766950845736 13.551545321941374 4.5520161651074886 4.8236594200134277 9.5670816674828512 9.0837083831429499 7.3526627495884904 6.0257648974657032 3.8860485479235649 11.647926885634655 3.1519413366913787 1.7797676175832737 4.7437649779021731
leaf_count=253 38 19 38 34 33 27 23 17 30 38 21 21 56 21 24 25 25 23 29 25 19 22 25 27 29 21 97 22 19 46
internal_value=0.00112645 -0.0336705 0.0212109 -0.0178263 -0.00537455 0.0129826 0.0167205 0.0242514 -0.00867763 0.0345424 0.01679 -0.0404129 -0.0262713 0.0245676 0.0151546 0.0293421 0.0248168 0.0107109 0.0289284 -0.0312651 -0.00256987 0.0325262 0.0481224 0.0103785 0.0351158 -0.0492826 -0.0503701 -0.0568256 -0.0650435 -0.0671516
internal_weight=239.184 87.5319 151.652 58.1597 37.4913 93.7743 85.9912 66.3249 19.6663 57.8779 18.1937 20.6684 19.2975 39.5495 29.526 60.4892 54.0012 33.6403 23.4591 10.1812 9.50624 20.0491 20.3609 13.5892 11.848 9.79131 17.3421 14.7999 29.3723 27.5925
internal_count=1147 690 457 372 213 314 287 207 80 143 83 159 130 105 84 169 152 102 52 50 53 46 50 50 50 77 140 119 318 299
is_linear=0
shrinkage=0.05


end of trees

feature_importances:
agf_edge=20
class_indicator=19
jockey_win_rate=14
surface_affinity=13
trainer_win_rate=11
weight_delta=9
sire_win_rate=9
sire_surface_rate=7
hp_raw=7
gate_number=7
agf_raw=6
gate_bias=5
distance_delta_m=5
field_size=5
age=4
distance_meters=3
surface_switch=2
weight_kg_raw=2
surface_is_kum=2

parameters:
[boosting: gbdt]
[objective: lambdarank]
[metric: ndcg]
[tree_learner: serial]
[device_type: cpu]
[data_sample_strategy: bagging]
[data: ]
[valid: ]
[num_iterations: 500]
[learning_rate: 0.05]
[num_leaves: 31]
[num_threads: 0]
[seed: 0]
[deterministic: 0]
[force_col_wise: 0]
[force_row_wise: 0]
[histogram_pool_size: -1]
[max_depth: -1]
[min_data_in_leaf: 20]
[min_sum_hessian_in_leaf: 0.001]
[bagging_fraction: 0.85]
[pos_bagging_fraction: 1]
[neg_bagging_fraction: 1]
[bagging_freq: 5]
[bagging_seed: 3]
[bagging_by_query: 0]
[feature_fraction: 0.9]
[feature_fraction_bynode: 1]
[feature_fraction_seed: 2]
[extra_trees: 0]
[extra_seed: 6]
[early_stopping_round: 0]
[early_stopping_min_delta: 0]
[first_metric_only: 0]
[max_delta_step: 0]
[lambda_l1: 0]
[lambda_l2: 0]
[linear_lambda: 0]
[min_gain_to_split: 0]
[drop_rate: 0.1]
[max_drop: 50]
[skip_drop: 0.5]
[xgboost_dart_mode: 0]
[uniform_drop: 0]
[drop_seed: 4]
[top_rate: 0.2]
[other_rate: 0.1]
[min_data_per_group: 100]
[max_cat_threshold: 32]
[cat_l2: 10]
[cat_smooth: 10]
[max_cat_to_onehot: 4]
[top_k: 20]
[monotone_constraints: ]
[monotone_constraints_method: basic]
[monotone_penalty: 0]
[feature_contri: ]
[forcedsplits_filename: ]
[refit_decay_rate: 0.9]
[cegb_tradeoff: 1]
[cegb_penalty_split: 0]
[cegb_penalty_feature_lazy: ]
[cegb_penalty_feature_coupled: ]
[path_smooth: 0]
[interaction_constraints: ]
[verbosity: -1]
[saved_feature_importance_type: 0]
[use_quantized_grad: 0]
[num_grad_quant_bins: 4]
[quant_train_renew_leaf: 0]
[stochastic_rounding: 1]
[linear_tree: 0]
[max_bin: 255]
[max_bin_by_feature: ]
[min_data_in_bin: 3]
[bin_construct_sample_cnt: 200000]
[data_random_seed: 1]
[is_enable_sparse: 1]
[enable_bundle: 1]
[use_missing: 1]
[zero_as_missing: 0]
[feature_pre_filter: 1]
[pre_partition: 0]
[two_round: 0]
[header: 0]
[label_column: ]
[weight_column: ]
[group_column: ]
[ignore_column: ]
[categorical_feature: ]
[forcedbins_filename: ]
[precise_float_parser: 0]
[parser_config_file: ]
[objective_seed: 5]
[num_class: 1]
[is_unbalance: 0]
[scale_pos_weight: 1]
[sigmoid: 1]
[boost_from_average: 1]
[reg_sqrt: 0]
[alpha: 0.9]
[fair_c: 1]
[poisson_max_delta_step: 0.7]
[tweedie_variance_power: 1.5]
[lambdarank_truncation_level: 10]
[lambdarank_norm: 1]
[label_gain: ]
[lambdarank_position_bias_regularization: 0]
[eval_at: 1,3,5,10]
[multi_error_top_k: 1]
[auc_mu_weights: ]
[num_machines: 1]
[local_listen_port: 12400]
[time_out: 120]
[machine_list_filename: ]
[machines: ]
[gpu_platform_id: -1]
[gpu_device_id: -1]
[gpu_use_dp: 0]
[num_gpu: 1]

end of parameters

pandas_categorical:[]
