tree
version=v4
num_class=1
num_tree_per_iteration=1
label_index=0
max_feature_idx=43
objective=lambdarank
feature_names=speed_figure form_cycle weight_delta rest_fitness class_indicator jockey_win_rate trainer_win_rate gate_bias surface_affinity agf_edge sire_win_rate sire_surface_rate surface_switch distance_delta_m equipment_changed apprentice_jockey field_pace_density s20_edge agf_reliability late_agf_drift late_jockey_change late_equipment_change late_gate_change tipster_consensus jockey_discipline_flag days_since_workout workout_speed_ms n_workouts_recent temperature_c humidity_pct pressure_mb sky_bucket wind_kph steward_report_flag agf_raw hp_raw weight_kg_raw kgs_raw s20_raw gate_number age distance_meters field_size surface_is_kum
feature_infos=none none [-0.044487427466150899:0.082802547770700632] none [-0.53658536585365857:0.65547445255474446] [0.028985507246376812:0.25882352941176473] [0.035714285714285712:0.41558441558441561] [-0.73076923076923084:0.5] [0.071428571428571425:0.36363636363636365] [-1:6] [0.055555555555555552:0.64130434782608692] [0.033898305084745763:0.39130434782608697] [0:1] [-1400:1400] none none none none none none none none none none none none none none none none none none none none [0:87] [31:119] [54:61] none none [1:22] [2:11] [1000:2800] [5:22] [0:1]
tree_sizes=3392 3394

Tree=0
num_leaves=31
num_cat=0
split_feature=9 34 9 10 8 7 6 35 35 2 10 6 11 11 2 9 7 35 8 34 6 10 9 11 39 10 11 9 4 34
split_gain=125.033 24.1845 13.2498 6.31725 9.2756 5.61773 6.0071 4.78377 4.53167 5.53857 5.45067 4.12539 4.54223 7.0747 3.23791 3.00487 4.85233 4.49086 2.98103 2.86364 3.80282 6.56426 2.58682 2.32088 1.82996 1.69743 1.33391 1.08635 0.811584 0.464839
threshold=-0.155 26.500000000000004 -0.70999999999999985 0.24334446806356921 0.16333333333333336 0.12692307692307694 0.33766891891891898 102.50000000000001 102.50000000000001 0.026538037304710018 0.14321074964639322 0.18715659340659344 0.12772549019607846 0.095695970695970703 -0.0042921617389702488 0.92000000000000004 0.05000000000000001 99.500000000000014 0.085144927536231887 6.5000000000000009 0.26539642405634828 0.21301670719272101 -0.82499999999999984 0.21169440887750748 1.5000000000000002 0.1714883442916916 0.1305531444803914 2.2650000000000001 0.049398659462200276 5.5000000000000009
decision_type=2 2 2 8 10 2 10 10 10 10 10 10 8 10 8 2 2 10 10 2 10 10 2 10 2 10 8 2 10 2
left_child=2 3 11 7 26 6 8 15 9 10 -4 -1 13 -13 22 16 19 25 -7 -2 21 -21 -14 -9 -12 -18 -5 -3 -17 -26
right_child=1 27 5 4 -6 18 -8 23 -10 -11 24 12 14 -15 -16 28 17 -19 -20 20 -22 -23 -24 -25 29 -27 -28 -29 -30 -31
leaf_value=-0.089390715109889038 0.08527713758114093 0.067642572022736658 0.0023585340410704364 -0.019871690396354377 0.051414099496911073 0.043202123434077852 0.053061954315690787 -0.039296777154647494 0.0052112854689874439 0.026250088123128169 -0.03176733967045544 -0.091154973113883792 -0.083611370998193976 0.018905022891200621 -0.09151928500176798 0.083842305403765569 -0.0018718508947024094 0.05461854441532929 -0.025574061921240746 -0.055953138125100145 0.071298029340866445 0.059529415827305227 -0.0063249528970522025 0.035970575536049015 -0.089591914450803029 -0.063580343339292772 -0.077520944405968628 0.092217292647324145 0.053124172009447301 -0.068785971890518771
leaf_weight=14.77668437361717 3.9659359343349996 5.7419112771749523 2.7400367222726514 1.4574378840625275 3.1510563343763351 4.055900312960147 1.7812948152422894 2.9109139144420615 4.1168880984187117 1.983693167567252 2.1014476753771296 2.2546395696699646 1.8368484526872633 4.1434544771909714 7.7178510688245279 3.9860767312347871 2.3134363107383242 2.2829086557030678 2.5763450674712658 2.3298231288790685 3.8573548644781113 2.6079765520989895 2.6369568929076195 1.5801598913967607 7.7560719884932023 2.1501490250229836 3.2210081145167351 20.743243683129549 4.6686591692268848 4.1055354550480843
leaf_count=192 13 31 24 19 21 29 11 35 36 14 23 30 25 29 105 12 23 13 27 33 19 14 24 14 113 32 49 62 33 51
internal_value=0.00187146 0.0497412 -0.0477656 0.0254376 -0.0148986 -0.0243519 -0.0353685 0.0351093 -0.0422762 -0.0527382 -0.062119 -0.0696712 -0.0539965 -0.0198793 -0.071901 0.0427517 0.0318731 -0.00242325 0.0164855 0.0500048 0.0340997 0.00504079 -0.0380571 -0.0128144 -0.0747717 -0.0315974 -0.0595619 0.0868896 0.0672719 -0.0823906
internal_weight=131.552 66.9681 64.5836 40.4829 7.8295 31.2172 24.585 32.6534 22.8037 18.6868 16.7031 33.3664 18.5898 6.39809 12.1917 28.1623 19.5076 6.74649 6.63225 12.7611 8.79515 4.9378 4.47381 4.49107 13.9631 4.46359 4.67845 26.4852 8.65474 11.8616
internal_count=1156 423 733 330 89 328 272 241 261 225 211 405 213 59 154 192 147 68 56 79 66 47 49 49 187 55 68 93 45 164
is_linear=0
shrinkage=0.05


Tree=1
num_leaves=31
num_cat=0
split_feature=9 9 9 7 6 42 10 13 11 8 5 6 8 7 8 10 10 6 9 5 6 10 39 40 35 6 11 5 42 4
split_gain=144.506 45.7633 12.4472 9.01593 8.58075 9.15918 8.58137 8.91221 8.51357 10.6385 10.8377 7.2802 7.25212 6.76137 6.36104 6.28466 7.19506 9.41772 5.81076 7.15071 7.01303 6.81938 5.4132 6.55502 8.75278 5.2735 4.53215 4.32821 3.45627 3.8375
threshold=-0.17499999999999996 2.4700000000000002 -0.73499999999999988 0.27307692307692316 0.15806129247168557 6.5000000000000009 0.12132034632034634 -349.99999999999994 0.23187575798409921 0.093073593073593086 0.13453730126375871 0.13832967909109031 0.093073593073593086 0.16153846153846158 0.088932806324110686 0.17440276281604464 0.244342037890425 0.29372549019607846 0.66500000000000004 0.17280186690755797 0.2247448979591837 0.20786585814941205 6.5000000000000009 4.5000000000000009 74.500000000000014 0.2669211195928754 0.12772549019607846 0.18228171632157797 9.5000000000000018 0.042614733555199451
decision_type=2 2 2 2 8 2 8 10 10 8 10 10 10 2 10 10 10 8 2 10 10 8 2 2 10 8 10 8 2 10
left_child=2 3 15 4 11 -6 -7 -8 9 -9 -11 -2 13 14 28 -1 17 22 20 -20 -12 -21 23 24 -17 -22 -14 -10 -4 -30
right_child=1 -3 12 -5 5 6 7 8 27 10 18 -13 26 -15 -16 16 -18 -19 19 21 25 -23 -24 -25 -26 -27 -28 -29 29 -31
leaf_value=-0.081365560451500674 0.013091126842915518 0.074585683155587099 -0.011400149210908907 -0.036360919405288586 0.060103507009640768 0.073263512796248834 -0.045212563954237006 0.061501817571307328 0.019303739922568421 -0.056491128626591919 -0.06175027155161994 0.073386321692568854 -0.082732378870764373 0.024263481451077377 0.018206910492188765 -0.044818190727767292 -0.075470295623390429 0.055106982516603911 0.052970912804177796 -0.044317678984944084 0.042239323063304829 0.030692105675392403 -0.076911026528031154 -0.061509128070157452 0.05160863122954984 -0.022071493040251782 -0.033236855472203085 0.069090130184470341 -0.031460736097871519 -0.092769416563500046
leaf_weight=17.632871516048908 8.5223039761185664 44.984377905726433 6.5699492096901002 7.7696808837354174 9.3357816934585554 4.7646299153566352 8.202551603317259 6.283294402062892 10.733615688979627 9.2211197018623334 5.9389045387506512 12.134632334113119 5.5363125428557387 10.698666051030157 6.5455147959291926 4.8174832090735524 13.343666879460214 2.8680569678544989 9.754820793867113 5.7068613767623875 5.3062500730156872 6.4599252976477155 7.2231415137648574 7.0333095341920844 4.6009732782840729 7.983802169561387 28.097521793097258 7.3579614460468283 5.9629229716956598 4.4625122658908367
leaf_count=122 25 65 29 22 14 7 32 15 37 39 31 25 32 32 28 31 85 9 19 22 18 18 65 46 15 31 159 15 38 30
internal_value=0.00134691 0.0313177 -0.0393958 0.0158058 0.0192492 0.013021 0.00800973 0.00426153 0.00969073 0.0001551 -0.0074972 0.0485107 -0.0248938 -0.00869522 -0.023674 -0.0565082 -0.0455193 -0.0304624 0.00348147 0.0210785 -0.0165797 -0.00449142 -0.0408286 -0.0249866 0.0022869 0.00360555 -0.0413841 0.0395522 -0.0398038 -0.0577034
internal_weight=295.853 170.461 125.393 125.476 117.706 97.0495 87.7137 82.9491 74.7466 56.655 50.3717 20.6569 67.8734 34.2396 23.5409 57.5195 39.8866 26.543 41.1506 21.9216 19.229 12.1668 23.6749 16.4518 9.41846 13.2901 33.6338 18.0916 16.9954 10.4254
internal_count=1156 435 721 370 348 298 284 277 245 193 178 50 348 157 125 373 251 166 139 59 80 40 157 92 46 49 191 52 97 68
is_linear=0
shrinkage=0.05


end of trees

feature_importances:
agf_edge=9
trainer_win_rate=8
sire_win_rate=8
sire_surface_rate=6
surface_affinity=5
gate_bias=4
hp_raw=4
jockey_win_rate=3
agf_raw=3
weight_delta=2
class_indicator=2
gate_number=2
field_size=2
distance_delta_m=1
age=1

parameters:
[boosting: gbdt]
[objective: lambdarank]
[metric: ndcg]
[tree_learner: serial]
[device_type: cpu]
[data_sample_strategy: bagging]
[data: ]
[valid: ]
[num_iterations: 500]
[learning_rate: 0.05]
[num_leaves: 31]
[num_threads: 0]
[seed: 0]
[deterministic: 0]
[force_col_wise: 0]
[force_row_wise: 0]
[histogram_pool_size: -1]
[max_depth: -1]
[min_data_in_leaf: 20]
[min_sum_hessian_in_leaf: 0.001]
[bagging_fraction: 0.85]
[pos_bagging_fraction: 1]
[neg_bagging_fraction: 1]
[bagging_freq: 5]
[bagging_seed: 3]
[bagging_by_query: 0]
[feature_fraction: 0.9]
[feature_fraction_bynode: 1]
[feature_fraction_seed: 2]
[extra_trees: 0]
[extra_seed: 6]
[early_stopping_round: 0]
[early_stopping_min_delta: 0]
[first_metric_only: 0]
[max_delta_step: 0]
[lambda_l1: 0]
[lambda_l2: 0]
[linear_lambda: 0]
[min_gain_to_split: 0]
[drop_rate: 0.1]
[max_drop: 50]
[skip_drop: 0.5]
[xgboost_dart_mode: 0]
[uniform_drop: 0]
[drop_seed: 4]
[top_rate: 0.2]
[other_rate: 0.1]
[min_data_per_group: 100]
[max_cat_threshold: 32]
[cat_l2: 10]
[cat_smooth: 10]
[max_cat_to_onehot: 4]
[top_k: 20]
[monotone_constraints: ]
[monotone_constraints_method: basic]
[monotone_penalty: 0]
[feature_contri: ]
[forcedsplits_filename: ]
[refit_decay_rate: 0.9]
[cegb_tradeoff: 1]
[cegb_penalty_split: 0]
[cegb_penalty_feature_lazy: ]
[cegb_penalty_feature_coupled: ]
[path_smooth: 0]
[interaction_constraints: ]
[verbosity: -1]
[saved_feature_importance_type: 0]
[use_quantized_grad: 0]
[num_grad_quant_bins: 4]
[quant_train_renew_leaf: 0]
[stochastic_rounding: 1]
[linear_tree: 0]
[max_bin: 255]
[max_bin_by_feature: ]
[min_data_in_bin: 3]
[bin_construct_sample_cnt: 200000]
[data_random_seed: 1]
[is_enable_sparse: 1]
[enable_bundle: 1]
[use_missing: 1]
[zero_as_missing: 0]
[feature_pre_filter: 1]
[pre_partition: 0]
[two_round: 0]
[header: 0]
[label_column: ]
[weight_column: ]
[group_column: ]
[ignore_column: ]
[categorical_feature: ]
[forcedbins_filename: ]
[precise_float_parser: 0]
[parser_config_file: ]
[objective_seed: 5]
[num_class: 1]
[is_unbalance: 0]
[scale_pos_weight: 1]
[sigmoid: 1]
[boost_from_average: 1]
[reg_sqrt: 0]
[alpha: 0.9]
[fair_c: 1]
[poisson_max_delta_step: 0.7]
[tweedie_variance_power: 1.5]
[lambdarank_truncation_level: 10]
[lambdarank_norm: 1]
[label_gain: ]
[lambdarank_position_bias_regularization: 0]
[eval_at: 1,3,5,10]
[multi_error_top_k: 1]
[auc_mu_weights: ]
[num_machines: 1]
[local_listen_port: 12400]
[time_out: 120]
[machine_list_filename: ]
[machines: ]
[gpu_platform_id: -1]
[gpu_device_id: -1]
[gpu_use_dp: 0]
[num_gpu: 1]

end of parameters

pandas_categorical:[]
