tree
version=v4
num_class=1
num_tree_per_iteration=1
label_index=0
max_feature_idx=28
objective=regression
feature_names=speed_figure form_cycle weight_delta rest_fitness class_indicator jockey_win_rate trainer_win_rate gate_bias surface_affinity agf_edge sire_win_rate sire_surface_rate surface_switch distance_delta_m equipment_changed apprentice_jockey field_pace_density s20_edge agf_reliability agf_raw hp_raw weight_kg_raw kgs_raw s20_raw gate_number age distance_meters field_size surface_is_kum
feature_infos=[10.180337405468295:17.011253598534413] [0:1] [-0.12249443207126949:0.18853362734288864] [0:1] [-0.89650711513583436:1.6052631578947372] [0.015384615384615385:0.2932330827067669] [0.020618556701030927:0.5714285714285714] [-0.96153846153846145:0.5] [0.05128205128205128:0.36363636363636365] [-1:6] [0.031746031746031744:0.75] [0.024691358024691357:0.64000000000000001] [0:1] [-1400:1600] [0:1] none [0:1] [-0.92763157894736847:0.76470588235294112] none [0:88] [5:119] [46:66] [5:446] [1:20] [1:22] [2:12] [800:2800] [3:22] [0:1]
tree_sizes=2894 2871 2899 2859 2882 2854 2876 2847 2862 2830 2862 2864 2863 2866 2873 2892 2872 2882 2855 2905 2883 2896 2911 2852 2911 2882 2915 2898 2889 2904

Tree=0
num_leaves=31
num_cat=0
split_feature=9 14 6 9 20 25 28 8 13 27 4 20 5 9 2 20 10 9 11 11 4 20 21 9 19 10 25 20 2 11
split_gain=1406.94 416.501 328.256 293.967 419.017 394.23 902.266 1437.49 670.152 422.714 341.293 836.129 573.612 319 524.832 299.53 992.856 287.501 610.13 435.905 477.341 1077.66 651.391 1528.63 373.522 431.054 577.244 325.496 272.34 268.584
threshold=-0.92499999999999993 inf 0.13036890645586299 -0.73499999999999988 58.500000000000007 4.5000000000000009 1.0000000180025095e-35 0.09232954545454547 -249.99999999999997 11.500000000000002 -0.06175222841889505 35.500000000000007 0.066611203549639494 -0.58999999999999986 0.046480851649719795 16.500000000000004 0.16851874717043261 -0.5149999999999999 0.087102421943390726 0.19516371533578353 -0.39932112756050636 13.500000000000002 53.250000000000007 -0.81499999999999984 1.5000000000000002 0.07659713168187747 3.5000000000000004 99.500000000000014 -0.037798940519628926 0.1808777932214263
decision_type=8 8 10 8 8 2 8 8 8 2 10 10 10 10 10 10 8 10 10 10 8 8 8 10 10 8 2 10 8 10
left_child=-1 -2 3 4 5 9 7 -7 -8 10 15 -12 -13 14 -5 16 -3 18 24 20 -20 -22 23 -23 -4 26 -26 28 -24 -30
right_child=1 2 17 13 -6 6 8 -9 -10 -11 11 12 -14 -15 -16 -17 -18 -19 19 -21 21 22 27 -25 25 -27 -28 -29 29 -31
leaf_value=-0.085753347914687417 -0.061358143494932557 -0.080665405955077402 -0.083368097609205674 -0.027057222669289741 -0.082107112037281216 0.28471627404544864 0.080949150254267813 -0.024277126563297138 -0.090283726947962148 -0.083978556678300287 -0.090283726947962148 0.23651365882878203 0.013251625383257158 -0.045744320308930067 0.10629746937851375 -0.068972733533885597 0.14944230110249973 -0.040280865589222878 -0.074560456470223385 -0.038917579372784235 0.19410780756971965 -0.055072459174427935 -0.090283726947962148 0.29607990464730261 -0.090283726947962148 -0.049263940357107273 0.11138293812924735 0.10625715258051535 -0.021059547888359405 0.014586473933463434
leaf_weight=1794 2271 131 723 1364 1223 60 73 101 263 793 93 51 66 6771 78 567 73 17542 318 3044 63 71 128 55 55 1095 100 53 3995 609
leaf_count=1794 2271 131 723 1364 1223 60 73 101 263 793 93 51 66 6771 78 567 73 17542 318 3044 63 71 128 55 55 1095 100 53 3995 609
internal_value=-0.0423945 -0.0405349 -0.0393395 -0.0463647 -0.0585121 -0.0458055 -0.00644738 0.0908757 -0.0530813 -0.056832 -0.0348879 0.021621 0.110571 -0.0411968 -0.0198439 -0.0502794 0.00167706 -0.0363865 -0.0297597 -0.023842 -0.0151704 -0.0113734 -0.0140094 0.0982083 -0.0547625 -0.0382171 0.0398238 -0.0169644 -0.0183445 -0.0163444
internal_weight=43623 41829 39558 11707 3494 2271 497 161 336 1774 981 210 117 8213 1442 771 204 27851 10309 8336 5292 4974 4911 126 1973 1250 155 4785 4732 4604
internal_count=43623 41829 39558 11707 3494 2271 497 161 336 1774 981 210 117 8213 1442 771 204 27851 10309 8336 5292 4974 4911 126 1973 1250 155 4785 4732 4604
is_linear=0
shrinkage=1


Tree=1
num_leaves=31
num_cat=0
split_feature=9 14 25 9 9 24 4 11 13 11 9 24 27 8 4 11 24 26 8 13 5 2 4 2 9 2 4 10 5 7
split_gain=1269.76 375.892 298.525 394.162 505.299 466.205 1645.47 437.568 430.172 387.154 660.391 1382.06 1466.08 2553.48 3106.15 960.083 963.573 467.306 414.198 393.608 387.061 501.074 741.963 430.781 429.262 367.676 925.585 429.123 352.967 414.635
threshold=-0.92499999999999993 inf 3.5000000000000004 -0.5149999999999999 -0.89499999999999991 7.5000000000000009 -0.2857830331362573 0.24350078846587073 750.00000000000011 0.087102421943390726 -0.85499999999999987 7.5000000000000009 12.500000000000002 0.13100686498855837 -0.16275835300967098 0.10357598978288635 6.5000000000000009 2050.0000000000005 0.13423423423423428 -349.99999999999994 0.096830003348588031 0.050552160539830103 0.10901685007710507 0.07619423314527296 -0.82499999999999984 0.045454545454545449 -0.070116326163261591 0.15387998105676209 0.076855953819304615 -0.076923076923076913
decision_type=8 8 2 10 8 10 10 8 8 10 10 10 2 8 10 10 10 2 10 10 8 8 10 8 10 10 8 8 10 10
left_child=-1 -2 -3 4 5 -4 -7 8 9 17 11 12 15 14 -14 -11 18 -6 -17 -13 24 -22 23 -23 -12 27 -27 -9 29 -26
right_child=1 2 3 -5 7 6 -8 25 -10 10 20 19 13 -15 -16 16 -18 -19 -20 -21 21 22 -24 -25 28 26 -28 -29 -30 -31
leaf_value=-0.041181954837828848 -0.018006508786416641 -0.0041670950074029411 -0.041108021772269049 0.0010559604338425193 -0.012319292350420877 0.24666348428410642 -0.048065191010634112 0.092970527211825055 -0.01389652952728071 0.25264156964318507 -0.043813728095975314 0.11462019481619851 0.11809147626161576 0.011348206230572292 0.62901200450072858 -0.016108646882776304 0.2348445918762459 0.11815529654960376 0.13058040549880581 -0.022081556165373172 0.01762679064135959 0.19321033522194508 0.20675130123379587 0.042863332805383271 -0.032657862110298218 -0.048245595147212349 0.24303649401664737 -0.015610644327193755 -0.011967376149933914 0.03791829148688515
leaf_weight=1794 2271 10821 726 18006 945 68 156 96 761 58 318 61 60 84 59 309 53 74 57 385 1124 51 87 724 238 60 50 1745 725 1657
leaf_count=1794 2271 10821 726 18006 945 68 156 96 761 58 318 61 60 84 59 309 53 74 57 385 1124 51 87 724 238 60 50 1745 725 1657
internal_value=8.91583e-06 0.00177555 0.00291122 0.00557658 0.0131619 -0.0216521 0.041406 0.0165433 0.0218223 0.0256675 0.0304697 0.0650145 0.109876 0.222416 0.371405 0.0619822 0.0355902 -0.0028442 0.00673637 -0.00338468 0.0225702 0.0396207 0.0682995 0.0527571 0.0110446 -0.00464291 0.0841554 -0.00994862 0.0177029 0.0290544
internal_weight=43623 41829 39558 28737 10731 950 224 9781 7830 7069 6050 1126 680 203 119 477 419 1019 366 446 4924 1986 862 775 2938 1951 110 1841 2620 1895
internal_count=43623 41829 39558 28737 10731 950 224 9781 7830 7069 6050 1126 680 203 119 477 419 1019 366 446 4924 1986 862 775 2938 1951 110 1841 2620 1895
is_linear=0
shrinkage=0.05


Tree=2
num_leaves=31
num_cat=0
split_feature=9 6 9 5 5 20 10 8 9 10 13 10 4 2 9 2 20 24 11 10 11 27 9 11 6 20 28 21 13 8
split_gain=1145.96 310.972 284.96 365.76 1519.12 509.1 773.146 1138.06 1659.9 468.262 290.417 598.354 1030.09 492.749 283.994 398.199 426.083 304.546 403.037 439.699 248.727 455.735 237.705 482.282 470.647 1849.74 405.328 1317.43 466.824 589.612
threshold=-0.92499999999999993 0.13238651625033579 -0.73499999999999988 0.054699373100303962 0.052730883813306859 33.500000000000007 0.18828984211142699 0.089572192513368995 -0.86499999999999988 0.17860610263522889 -1.0000000180025095e-35 0.19446269528398311 -0.22817121337374843 0.0035119201785868957 -0.58999999999999986 0.046480851649719795 87.500000000000014 2.5000000000000004 0.16680863145939809 0.14530731643542355 0.19152145309842436 12.500000000000002 -0.5149999999999999 0.087102421943390726 0.13499311294765845 21.500000000000004 1.0000000180025095e-35 53.250000000000007 250.00000000000003 0.12973352033660593
decision_type=8 10 8 8 10 10 8 10 10 10 8 8 8 10 10 10 10 10 8 10 10 2 10 10 10 10 8 8 10 10
left_child=-1 2 3 4 5 -2 7 8 -7 -6 11 -5 -13 -14 15 16 17 18 19 -4 -19 -22 23 -3 25 -25 27 -26 -28 -30
right_child=1 22 14 10 9 6 -8 -9 -10 -11 -12 12 13 -15 -16 -17 -18 20 -20 -21 21 -23 -24 24 26 -27 28 -29 29 -31
leaf_value=-0.039122855782907549 -0.041581826872866733 -0.011668699697096101 0.027038818159524133 -0.03348242174074488 0.3019833101630211 0.36431186905274027 -0.048828050924330645 -0.029829635168425739 0.033488817267365509 0.085589698553085333 -0.036599017162838768 0.20029567576002802 -0.047504769987280267 0.13245382267236711 -0.0039198153192583022 0.1252491406386807 0.15691801887750625 -0.016105336176678454 -0.008500538384618837 0.20684645671178314 0.0016891574835872271 0.13873266454786062 0.001129562795989861 0.31209771298445194 0.26032634748787181 -0.003360842762549231 0.0004456728008798667 0.02500960391647411 0.020931417948686252 0.12544572425109368
leaf_weight=1794 580 1982 68 515 50 65 194 128 91 50 1923 87 159 50 7614 84 50 871 121 68 251 80 18166 65 61 163 4938 2385 808 162
leaf_count=1794 580 1982 68 515 50 65 194 128 91 50 1923 87 159 50 7614 84 50 871 121 68 251 80 18166 65 61 163 4938 2385 808 162
internal_value=8.46995e-06 0.00168677 -0.00469794 -0.0160406 0.00751132 -0.010095 0.0281107 0.0806675 0.171332 0.193787 -0.0260162 -0.000922677 0.0557269 -0.00445248 9.68646e-05 0.0192952 0.0133972 0.00847874 0.0578818 0.116943 -0.00208416 0.0348115 0.00459778 0.0105618 0.0156959 0.0865725 0.0137615 0.0308781 0.00667494 0.0383864
internal_weight=43623 41829 13099 3892 1158 1058 478 284 156 100 2734 811 296 209 9207 1593 1509 1459 257 136 1202 331 28730 10564 8582 228 8354 2446 5908 970
internal_count=43623 41829 13099 3892 1158 1058 478 284 156 100 2734 811 296 209 9207 1593 1509 1459 257 136 1202 331 28730 10564 8582 228 8354 2446 5908 970
is_linear=0
shrinkage=0.05


Tree=3
num_leaves=31
num_cat=0
split_feature=9 14 6 9 8 7 10 19 4 6 8 4 13 10 6 8 26 2 10 24 9 20 10 27 2 5 28 2 10 10
split_gain=1034.23 336.871 272.468 246.51 597.273 564.446 753.766 461.852 438.236 838.29 1332.99 1927.18 1441.93 860.406 1099.39 716.247 1140.93 1495.91 600.447 1186.96 429.106 974.082 1273.06 421.645 372.181 1063.61 336.568 370.185 289.028 388.634
threshold=-0.92499999999999993 inf 0.13036890645586299 -0.8849999999999999 0.1526806526806527 -0.042307692307692289 0.17780343854246858 3.5000000000000004 -0.059912594736641657 0.15697930617358624 0.089572192513368995 -0.04407798648143741 1.0000000180025095e-35 0.18334338560514676 0.14618456880383174 0.12973352033660593 1750.0000000000002 0.025664549517760541 0.34240404788349998 6.5000000000000009 -0.79499999999999993 11.500000000000002 0.18269901298143978 6.5000000000000009 -0.0021882257176374822 0.090295956951716119 1.0000000180025095e-35 -0.0099173824667235233 0.2518252065014655 0.22492618505765608
decision_type=8 8 10 10 10 10 8 10 8 10 10 10 10 10 10 10 2 8 10 10 10 10 8 2 8 10 10 10 8 10
left_child=-1 -2 -3 4 5 6 -4 8 15 10 24 12 -12 14 -13 20 26 -18 23 -20 21 22 -5 -11 25 -10 27 -17 29 -22
right_child=1 2 3 7 -6 -7 -8 -9 9 18 11 13 -14 -15 -16 16 17 -19 19 -21 28 -23 -24 -25 -26 -27 -28 -29 -30 -31
leaf_value=-0.037166711771102784 -0.017124725675816476 -0.0037228750643634855 0.21065454544692208 -0.048967692918247652 0.13546121617158255 -0.031854843851616979 -0.047709521217779688 0.0026953734953477221 -0.049085662866893573 0.12775852262973786 0.15524589410051703 0.03576276163260142 0.51360555064678193 -0.020148142250321754 0.30214122130590332 0.16098590819608599 0.025617232692964148 0.37209876800997788 -0.023223968536134752 0.29314705330346313 0.017789012461518088 -0.040219698227446123 0.30116244024038319 0.0075108933071257288 -0.0067106478947859538 0.26687283873558049 -0.02738484102051433 -0.019256374411858047 -0.033440429011286604 0.12815834754043157
leaf_weight=1794 2271 11707 58 54 63 1233 55 19979 57 75 64 90 50 139 68 63 66 59 63 56 701 1187 50 2605 390 50 205 52 229 90
leaf_count=1794 2271 11707 58 54 63 1233 55 19979 57 75 64 90 50 139 68 63 66 59 63 56 701 1187 50 2605 390 50 205 52 229 90
internal_value=8.04646e-06 0.00160243 0.00267755 0.00536792 -0.01501 -0.0220528 0.0849021 0.00645379 0.0180721 0.0292984 0.0710444 0.137663 0.312421 0.0705847 0.150407 0.00297207 0.0610594 0.189157 0.0157559 0.125657 -0.00821308 -0.027364 0.119364 0.010876 0.0159529 0.0985585 0.0110215 0.079485 0.016026 0.0303468
internal_weight=43623 41829 39558 27851 1409 1346 113 26442 6463 3707 908 411 114 297 158 2756 445 125 2799 119 2311 1291 104 2680 497 107 320 115 1020 791
internal_count=43623 41829 39558 27851 1409 1346 113 26442 6463 3707 908 411 114 297 158 2756 445 125 2799 119 2311 1291 104 2680 497 107 320 115 1020 791
is_linear=0
shrinkage=0.05


Tree=4
num_leaves=31
num_cat=0
split_feature=9 14 6 9 13 6 9 2 13 28 2 8 2 4 10 4 5 27 11 7 11 9 11 6 4 11 11 6 21 9
split_gain=934.85 307.96 259.689 282.564 346.256 542.463 233.008 386.45 226.29 526.715 220.757 218.571 723.268 330.106 354.503 324.982 667.833 273.948 531.284 509.758 275.939 216.212 478.112 477.83 1247.84 385.055 592.194 2115.94 450.088 1408.11
threshold=-0.93499999999999994 inf 0.13238651625033579 -0.73499999999999988 -549.99999999999989 0.08945228925973471 -0.58999999999999986 0.046480851649719795 -249.99999999999997 1.0000000180025095e-35 -0.027397260273972591 0.087595907928388769 0.02472490561474695 -0.50301478333514937 0.16851874717043261 -0.16275835300967098 0.047706582633053225 8.5000000000000018 0.083582834331337327 0.076923076923076941 0.2093259595386652 -0.5149999999999999 0.087102421943390726 0.13499311294765845 -0.36954618137516176 0.19152145309842436 0.18608319272247087 0.16681468324452339 53.250000000000007 -0.82499999999999984
decision_type=8 8 10 8 8 10 10 10 8 8 10 8 10 8 8 10 10 2 10 10 10 10 10 10 10 10 10 10 8 10
left_child=-1 -2 3 4 5 -3 7 8 9 -5 -11 12 15 14 -13 -6 -17 18 19 -15 -20 22 -4 24 -24 26 28 -28 29 -25
right_child=1 2 21 6 11 -7 -8 -9 -10 10 -12 13 -14 17 -16 16 -18 -19 20 -21 -22 -23 23 25 -26 -27 27 -29 -30 -31
leaf_value=-0.037849251360990321 -0.01642315036838032 0.15875312615599899 -0.011382717167312159 0.18918734444626448 -0.047825114628311932 -0.01405084467515713 -0.0024098950970292076 0.12542722578401919 0.0047961796893448132 -0.026287424320524388 0.10042122489213944 -0.030702128714841345 0.13497739271113748 0.20348103590178909 0.1066480489447713 0.18804787810032186 -0.014407370794326703 -0.037516437304241215 -0.045793035904450601 -0.00448408884103181 0.04176098772736847 0.0017473945417919347 0.28336358964443209 -0.020035699236242079 0.014569289034063166 0.00055653775312127602 0.33219565740530044 -0.0045526897534728054 0.016674799902615261 0.31903004759550097
leaf_weight=1572 2286 72 1942 58 314 123 7101 81 1220 110 50 92 95 57 96 52 188 2101 343 61 122 17246 60 79 154 3137 69 144 4548 50
leaf_count=1572 2286 72 1942 58 314 123 7101 81 1220 110 50 92 95 57 96 52 188 2101 343 61 122 17246 60 79 154 3137 69 144 4548 50
internal_value=7.64383e-06 0.00142285 0.00244878 -0.00357632 -0.0151017 0.0497537 0.00139218 0.0191661 0.0131806 0.0601023 0.013309 -0.0186936 0.00751259 -0.0246155 0.0394341 -0.0143451 0.0294579 -0.0291018 0.0012225 0.0959736 -0.0228219 0.00515853 0.0109356 0.016195 0.0899322 0.0142292 0.0230003 0.104535 0.0192871 0.111385
internal_weight=43623 42051 39765 12336 3716 195 8620 1519 1438 218 160 3521 649 2872 188 554 240 2684 583 118 465 27429 10183 8241 214 8027 4890 213 4677 129
internal_count=43623 42051 39765 12336 3716 195 8620 1519 1438 218 160 3521 649 2872 188 554 240 2684 583 118 465 27429 10183 8241 214 8027 4890 213 4677 129
is_linear=0
shrinkage=0.05


Tree=5
num_leaves=31
num_cat=0
split_feature=25 6 24 21 6 20 5 5 14 21 5 5 28 4 6 20 8 4 4 11 7 20 8 27 27 25 5 11 11 25
split_gain=466.043 355.062 349.385 769.11 307.155 265.114 629.885 1115.99 260.451 242.438 238.344 903.5 831.115 1784.49 545.27 320.02 593.163 318.08 397.371 454.557 354.596 475.194 235.543 210.018 546.777 919.384 661.295 202.667 688.394 201.658
threshold=3.5000000000000004 0.14038820455393805 14.500000000000002 57.750000000000007 0.17860809621589913 37.500000000000007 0.055204764560592791 0.045886599488644916 inf 61.750000000000007 0.094353981792596436 0.10747283988222156 1.0000000180025095e-35 -0.18336972343522559 0.1539126963002396 45.500000000000007 0.13840996168582378 -0.14581900504355796 -0.13253012048192767 0.19516371533578353 0.25000000000000006 35.500000000000007 0.10762548262548265 13.500000000000002 12.500000000000002 4.5000000000000009 0.066732154551408004 0.10540935672514622 0.098422752111276712 7.5000000000000009
decision_type=2 8 8 8 10 10 10 8 8 8 10 10 10 8 8 8 8 8 8 8 10 10 8 2 2 2 10 10 10 2
left_child=4 -2 8 -4 5 -1 7 -7 -3 -10 17 12 -12 -14 -15 16 -16 20 19 -19 -11 -22 -5 24 -20 -26 -27 28 -13 -29
right_child=1 2 3 22 -6 6 -8 -9 9 10 11 27 13 14 15 -17 -18 18 23 -21 21 -23 -24 -25 25 26 -28 29 -30 -31
leaf_value=-0.019528695996860568 -0.003531619702460265 -0.019139021591513192 0.20773985195850983 0.078805694409779137 0.0017265030851139401 -0.023080492432754819 -0.0077893578801709025 0.22200120195399886 0.0036087244860834311 -0.026627569621705628 0.012593134361154893 0.021412844906863852 0.40341653156280516 0.2320095680654049 0.015474819292624793 0.013137940594623254 0.24740520131354238 0.19454609866325673 0.0091424803345685479 -0.0048660049835840859 0.12803445349457443 -0.036028725441013064 -0.025590009964946522 -0.016493826191651493 0.0074247769061350985 0.32268128400599516 0.07406779370217953 0.0026614992246547968 0.21450843384452895 0.083016265174488971
leaf_weight=5679 11207 924 69 91 4949 101 1472 86 11666 996 289 486 50 52 60 172 51 65 1637 51 93 84 133 506 149 54 53 2165 51 81
leaf_count=5679 11207 924 69 91 4949 101 1472 86 11666 996 289 486 50 52 60 172 51 65 1637 51 93 84 133 506 149 54 53 2165 51 81
internal_value=0.000349748 0.00359487 0.00758261 0.0617812 -0.00789973 -0.014392 0.00319171 0.0896309 0.00677794 0.00805099 0.0153041 0.0247364 0.0766775 0.124782 0.0831952 0.0558512 0.122037 0.00646261 0.0164908 0.106874 -0.0150386 0.050174 0.0168207 0.0121205 0.0197691 0.0877214 0.199536 0.012157 0.0397515 0.00555942
internal_weight=43522 31235 20028 293 12287 7338 1659 187 19735 18811 7145 3457 674 385 335 283 111 3688 2515 116 1173 177 224 2399 1893 256 107 2783 537 2246
internal_count=43522 31235 20028 293 12287 7338 1659 187 19735 18811 7145 3457 674 385 335 283 111 3688 2515 116 1173 177 224 2399 1893 256 107 2783 537 2246
is_linear=0
shrinkage=0.05


Tree=6
num_leaves=31
num_cat=0
split_feature=9 2 25 9 5 5 24 28 9 8 25 6 2 4 9 7 10 13 9 7 8 7 11 2 8 6 10 24 9 28
split_gain=1154.8 513.835 313.828 632.923 452.137 683.482 576.902 641.518 1150.6 664.451 930.444 583.958 424.912 451.342 407.572 522.546 715.57 403.818 323.492 1864.09 1352.94 434.59 594.346 402.512 476.152 573.74 822.775 525.709 346.673 321.843
threshold=-0.90499999999999992 -0.015018796992481147 3.5000000000000004 -0.55499999999999983 0.096186888712661928 0.10814376381658705 11.500000000000002 1.0000000180025095e-35 -0.87499999999999989 0.096006144393241177 4.5000000000000009 0.22740881872618401 0.043833606471352836 -0.46549769480764863 -0.87499999999999989 0.27307692307692316 0.17715410573678292 -249.99999999999997 -0.86499999999999988 0.05000000000000001 0.13100686498855837 -0.33461538461538459 0.19330532212885157 -0.0036265000821963309 0.087595907928388769 0.14548846675712349 0.21775348923190688 3.5000000000000004 -0.80499999999999994 1.0000000180025095e-35
decision_type=8 8 2 10 10 10 10 10 10 8 2 10 10 8 8 10 10 8 10 8 8 10 8 10 10 10 10 8 10 8
left_child=1 -1 -2 4 14 6 7 11 -9 10 -10 -6 13 -7 15 -4 -17 -11 19 -16 -21 22 -20 28 25 26 27 -25 -23 -27
right_child=2 -3 3 -5 5 12 -8 8 9 17 -12 -13 -14 -15 18 16 -18 -19 21 20 -22 23 -24 24 -26 29 -28 -29 -30 -31
leaf_value=0.10607165204944896 -0.0047306035227362769 -0.034081687949709609 -0.031666294635219597 -7.5875475108638554e-06 -0.020236455103085176 0.15109982351804604 0.20722249348958335 0.31189893283627251 0.24967145575417413 0.13129193977667736 0.00028994036838412288 0.14473402642286742 0.11937237543110946 0.0099787756672875174 -0.024662103812869002 -0.026541492417454723 0.20188127060731254 -0.02873266066875926 0.017475767365910791 0.41560214448433658 0.056627487827022122 -0.027854588966478001 0.19373714621861776 0.17963261490589696 0.00090343535401438938 0.082970981903312632 0.27737004141012828 0.021004274059198576 0.0079970127487469286 -0.018229965692652124
leaf_weight=67 11037 2733 1019 19817 307 58 69 55 90 52 64 65 98 2449 205 80 60 163 132 52 53 924 75 76 655 121 60 167 2495 224
leaf_count=67 11037 2733 1019 19817 307 58 69 55 90 52 64 65 98 2449 205 80 60 163 132 52 53 924 75 76 655 121 60 167 2495 224
internal_value=0.00033226 -0.030728 0.00246793 0.00514437 0.0154906 0.0300233 0.0685326 0.0565104 0.0985547 0.0667554 0.146032 0.00858903 0.0172362 0.0132436 0.00760865 -0.0192221 0.071354 0.00997096 0.0135443 0.0630866 0.234405 0.0104284 0.0813386 0.00731991 0.0309668 0.0613549 0.111558 0.0706164 -0.00169204 0.0172637
internal_weight=43522 2800 40722 29685 9868 3470 865 796 424 369 154 372 2605 2507 6398 1159 140 215 5239 310 105 4929 207 4722 1303 648 303 243 3419 345
internal_count=43522 2800 40722 29685 9868 3470 865 796 424 369 154 372 2605 2507 6398 1159 140 215 5239 310 105 4929 207 4722 1303 648 303 243 3419 345
is_linear=0
shrinkage=0.05


Tree=7
num_leaves=31
num_cat=0
split_feature=9 8 25 4 14 25 9 5 5 20 20 6 19 11 20 7 9 20 20 5 9 21 6 20 10 4 6 5 9 11
split_gain=1042.21 470.925 409.211 726.889 310.991 292.211 655.271 436.854 631.312 843.854 820.593 724.421 1083.64 789.784 818.457 1022.6 536.747 522.487 409.149 1145.54 402.619 348.972 354.257 416.544 1010.49 340.397 549.5 545.844 499.82 832.461
threshold=-0.90499999999999992 0.12310606060606062 4.5000000000000009 -0.1882543125871361 inf 3.5000000000000004 -0.55499999999999983 0.096186888712661928 0.10814376381658705 76.500000000000014 13.500000000000002 0.13894799054373527 1.5000000000000002 0.15391751106036825 59.500000000000007 0.030769230769230761 -0.76999999999999991 34.500000000000007 10.500000000000002 0.060097563263678801 -0.87499999999999989 54.750000000000007 0.26964821460085892 95.500000000000014 0.19567019972600766 -0.19644828129927464 0.080080160320641289 0.056364502806311563 -0.85499999999999987 0.098422752111276712
decision_type=8 10 2 10 8 2 10 10 10 10 8 10 10 8 10 10 10 10 8 10 8 8 10 10 10 8 8 8 10 8
left_child=1 -1 3 -3 -2 -6 7 18 9 11 -10 16 -13 -14 15 -15 -9 -18 19 -7 -20 -12 23 -23 -25 26 27 -22 29 -27
right_child=4 2 -4 -5 5 6 -8 8 10 -11 21 12 13 14 -16 -17 17 -19 20 -21 25 22 -24 24 -26 28 -28 -29 -30 -31
leaf_value=-0.035045473439300229 -0.016036886547386813 -0.042079689255300562 -0.042981888602177304 0.20049869897397787 -0.0037176862615536537 -0.050744736032052477 0.00066588689212796143 -0.050891195848339899 0.20983657750216397 -0.04644950709559701 0.13358131642142931 0.28998486448165983 0.0047659036897172869 0.39197585587961631 0.028360435758766372 0.10183568532650288 0.22213203930854797 0.019727082652124493 -0.021338516392358921 0.27993186813592913 -0.0073027164721098103 0.012409031700836607 -0.047185635875011317 0.28026351451873782 -0.012330234878593022 -0.049930531824273726 -0.024572201338750703 0.21554892098903658 0.013346369798928543 0.10662917043918219
leaf_weight=2589 2178 53 84 74 10530 55 18724 122 55 132 60 86 149 57 76 65 50 88 1025 50 61 1992 232 50 72 112 937 50 3363 351
leaf_count=2589 2178 53 84 74 10530 55 18724 122 55 132 60 86 149 57 76 65 50 88 1025 50 61 1992 232 50 72 112 937 50 3363 351
internal_value=0.000315647 -0.0291916 0.042636 0.0992652 0.00234453 0.00338321 0.00605232 0.0169087 0.0315647 0.0694166 0.0188757 0.0914863 0.1311 0.0917218 0.157158 0.237393 0.0255148 0.0930622 0.0088874 0.10672 0.00714601 0.0145104 0.0114651 0.0179017 0.107585 0.0131363 -0.0121109 0.0930809 0.0200519 0.0687573
internal_weight=43522 2800 211 127 40722 38544 28014 9290 3286 825 2461 693 433 347 198 122 260 138 6004 105 5899 2406 2346 2114 122 4874 1048 111 3826 463
internal_count=43522 2800 211 127 40722 38544 28014 9290 3286 825 2461 693 433 347 198 122 260 138 6004 105 5899 2406 2346 2114 122 4874 1048 111 3826 463
is_linear=0
shrinkage=0.05


Tree=8
num_leaves=31
num_cat=0
split_feature=19 10 10 2 5 10 11 8 5 19 21 20 2 2 20 8 6 6 27 20 7 6 11 27 2 13 2 2 6 5
split_gain=725.714 492.171 597.88 723.134 570.553 1187.99 1033.11 484.753 784.773 359.155 418.197 728.957 528.5 342.881 790.286 1462.58 1461.09 2791.88 635.044 344.798 801.024 332.414 332.404 525.953 630.05 453.637 1049.7 1668.84 385.197 543.356
threshold=1.5000000000000002 0.23535539215686277 0.22229201563372419 0.042974211222369205 0.13310432712587872 0.16851874717043261 0.15706701549969435 0.089572192513368995 0.058170296542389567 3.5000000000000004 53.250000000000007 45.500000000000007 0.062499999999999993 0.10490252638528531 37.500000000000007 0.09449404761904763 0.14618456880383174 0.16681468324452339 10.500000000000002 10.500000000000002 0.18846153846153849 0.10451153324287653 0.13049154274037919 12.500000000000002 0.043833606471352836 1.0000000180025095e-35 -0.0055633791918785888 0.0035119201785868957 0.17860809621589913 0.067871130175307728
decision_type=8 8 10 8 10 10 8 10 10 10 8 8 10 8 10 10 10 10 2 8 10 8 8 2 10 8 10 10 10 8
left_child=1 2 4 -4 13 -6 -7 -5 -9 10 11 12 -2 -1 19 21 -17 -18 -19 20 -15 -16 28 -24 25 -25 -27 -28 -12 -30
right_child=9 -3 3 7 5 6 -8 8 -10 -11 22 -13 -14 14 15 16 17 18 -20 -21 -22 -23 23 24 -26 26 27 -29 29 -31
leaf_value=-0.032868200236723995 0.28522994277568964 -0.038095110184648666 0.18281005614025647 -0.044776824923853084 -0.045891256550593035 0.35296063834428787 0.041565096692035078 -0.044808770298957828 0.23133658873585039 0.00065566256969705374 -0.019831491528208633 -0.03657594736133303 0.062898147864775225 -0.011819946853553549 0.064393641650676722 -0.0056488498458712125 0.49418217390775682 -0.046636554652026728 0.18477295064736929 -0.023511281440203841 0.19214847693367609 -0.044412764140804736 0.0077636203472315028 0.010896538669260152 0.21395768488828956 0.029219615628362186 0.35246877009804184 0.043051580297497088 0.086007012358839591 -0.004815719941487679
leaf_weight=1697 52 1648 86 144 112 50 57 50 53 28654 1479 70 55 204 90 127 60 56 63 2464 63 319 3601 781 52 494 74 106 241 520
leaf_count=1697 52 1648 86 144 112 50 57 50 53 28654 1479 70 55 204 90 127 60 56 63 2464 63 319 3601 781 52 494 74 106 241 520
internal_value=0.000299865 -0.0140316 -0.00706815 0.0579405 -0.0111054 0.0679334 0.187077 0.0144637 0.0972854 0.00320862 0.0129299 0.0888759 0.170947 -0.0144711 -0.00541131 0.0413851 0.124061 0.216089 0.0758744 -0.017663 0.0363074 -0.02047 0.0111005 0.0181428 0.042944 0.0368322 0.0668852 0.170256 -0.0049586 0.0239468
internal_weight=43522 7343 5695 333 5362 219 107 247 103 36179 7525 177 107 5143 3446 715 306 179 119 2731 267 409 7348 5108 1507 1455 674 180 2240 761
internal_count=43522 7343 5695 333 5362 219 107 247 103 36179 7525 177 107 5143 3446 715 306 179 119 2731 267 409 7348 5108 1507 1455 674 180 2240 761
is_linear=0
shrinkage=0.05


Tree=9
num_leaves=31
num_cat=0
split_feature=9 6 14 25 9 28 5 5 20 6 19 11 13 9 11 20 20 21 9 10 25 13 10 27 11 4 10 4 13 27
split_gain=892.37 463.629 277.948 259.199 582.233 400.734 573.578 680.907 927.988 731.365 2229.24 632.613 749.718 609.449 676.04 600.4 411.339 359.194 326.498 409.266 503.4 1096.66 489.241 462.56 814.405 1369.7 722.889 459.434 410.966 340.212
threshold=-0.90499999999999992 0.29429808733309282 inf 3.5000000000000004 -0.55499999999999983 inf 0.096186888712661928 0.10814376381658705 76.500000000000014 0.14618456880383174 1.5000000000000002 0.15303334448533515 150.00000000000003 -0.78499999999999992 0.16074062368310157 14.500000000000002 10.500000000000002 54.750000000000007 -0.73499999999999988 0.23359159985640784 5.5000000000000009 -1.0000000180025095e-35 0.15597608034550617 10.500000000000002 0.13644120384734723 -0.028273093099094374 0.080145985401459868 0.11771521183865385 450.00000000000006 14.500000000000002
decision_type=8 10 8 2 10 8 10 10 10 10 10 8 8 10 10 8 8 8 8 10 2 10 8 2 10 8 10 8 8 2
left_child=1 -1 -2 -4 5 6 16 8 9 13 -11 -12 -13 -8 -15 -9 -5 -17 29 22 28 -22 23 -20 26 -26 -25 -28 -21 -18
right_child=2 -3 3 4 -6 -7 7 15 -10 10 11 12 -14 14 -16 17 18 -19 19 20 21 -23 -24 24 25 -27 27 -29 -30 -31
leaf_value=-0.030371151227156907 -0.015215208835017256 0.096468677512697276 -0.0035435760651997238 0.11165448442405584 0.0005806485542148523 -0.012400621866109907 -0.048613916431461374 0.17932595655322076 -0.051991016252905919 0.4310997583098331 0.012467708501197002 0.085654907274459097 0.31246749526924561 0.013739326596260072 0.23041233321030938 0.14603892664114634 0.0042704310864105114 0.015321603631572256 -0.0026863475024265096 -0.010180917314120701 0.33029535856901432 0.0069852594424177107 -0.0080943549053680494 0.1853429976056834 0.38363074442515011 0.040507281278118951 -0.052543846228320125 0.12148932647705078 0.12035060181565907 -0.046049106519991959
leaf_weight=2726 2178 74 10530 98 18724 1103 111 60 113 59 131 112 54 84 63 54 2838 1962 274 175 51 54 1035 61 52 66 157 50 92 381
leaf_count=2726 2178 74 10530 98 18724 1103 111 60 113 59 131 112 54 84 63 54 2838 1962 274 175 51 54 1035 61 52 66 157 50 92 381
internal_value=0.000284872 -0.027019 0.00216225 0.0031442 0.00565802 0.0158915 0.0197032 0.0380451 0.0796887 0.103923 0.150379 0.0946123 0.159437 0.0398215 0.106599 0.0234618 0.010154 0.018823 0.00827227 0.0237796 0.0712711 0.164022 0.0133567 0.0469958 0.0822624 0.191714 0.0340709 -0.0105068 0.0347962 -0.00168538
internal_weight=43522 2800 40722 38544 28014 9290 8187 2803 727 614 356 297 166 258 147 2076 5384 2016 5286 2067 372 105 1695 660 386 118 268 207 267 3219
internal_count=43522 2800 40722 38544 28014 9290 8187 2803 727 614 356 297 166 258 147 2076 5384 2016 5286 2067 372 105 1695 660 386 118 268 207 267 3219
is_linear=0
shrinkage=0.05


Tree=10
num_leaves=31
num_cat=0
split_feature=19 10 11 4 8 10 26 12 28 11 10 27 5 7 8 7 10 12 5 14 19 11 10 7 5 2 4 2 8 10
split_gain=872.308 310.311 540.558 254.273 685.337 1251.62 1333.72 507.19 957.378 681.115 436.331 668.192 340.973 283.183 283.17 423.83 682.209 461.907 340.428 203.141 213.236 377.274 337.031 625.84 728.4 859.063 758.733 324.139 520.963 484.184
threshold=1.5000000000000002 0.23535539215686277 0.28073549257759789 -0.17063740702791558 0.09449404761904763 0.096979831762440474 1350.0000000000002 1.0000000180025095e-35 1.0000000180025095e-35 0.22096235384813057 0.22229201563372419 12.500000000000002 0.13310432712587872 0.076923076923076941 0.082207207207207214 0.1076923076923077 0.15792226381854221 1.0000000180025095e-35 0.038544073951799283 inf 4.5000000000000009 0.28266560437058963 0.22736185383244209 -0.030769230769230757 0.12178736563982466 -0.01216718044140975 -0.090006165228113472 1.0000000180025095e-35 0.12310606060606062 0.25399377328637784
decision_type=8 8 10 8 10 10 2 10 8 10 10 2 10 10 10 10 10 10 8 8 10 10 10 10 8 10 8 8 10 10
left_child=1 2 3 12 10 6 -6 9 -9 -7 -5 -12 14 -10 15 18 -17 -18 -1 -2 21 22 -21 24 25 26 -24 -25 -29 -30
right_child=19 -3 -4 4 5 7 -8 8 13 -11 11 -13 -14 -15 -16 16 17 -19 -20 20 -22 -23 23 27 -26 -27 -28 28 29 -31
leaf_value=0.06260193659334766 -0.013423172384885745 -0.035777717259780552 0.15099709647543291 -0.026478510421295582 0.3268429770398496 -0.030347297417554889 0.037974004010961515 0.21808579480648041 -0.046766906833419435 0.11604716026120716 -0.04539513597264886 0.18308346187695862 0.076387890032780029 0.098030994653701797 -0.041119945250466361 -0.040858975707829655 0.046194051775065338 0.25617285305261611 -0.037875809672460042 0.0077373628993813379 0.00075706992612600615 -0.029783361220816703 0.24021264517307284 -0.023475189201909642 -0.053097454806168877 0.2976488477084786 0.0035658733901523412 0.01852767438645072 0.047045350074768066 0.24727548074488548
leaf_weight=98 1934 1629 51 1933 67 678 99 75 104 90 64 64 81 50 1511 91 55 50 603 7584 24540 574 50 337 60 64 105 754 74 51
leaf_count=98 1934 1629 51 1933 67 678 99 75 104 90 64 64 81 50 1511 91 55 50 603 7584 24540 574 50 337 60 64 105 754 74 51
internal_value=-0.000860441 -0.0165087 -0.011063 -0.0125097 -0.00324131 0.027447 0.154566 0.00628185 0.0715905 -0.0131917 -0.0205584 0.0688442 -0.024515 0.000245399 -0.0279091 -0.00565549 0.0593426 0.146184 -0.023829 0.00234181 0.00323349 0.0095291 0.0120145 0.0337123 0.10125 0.143537 0.0799035 0.0182164 0.0342005 0.128739
internal_weight=43520 7393 5764 5713 3224 1163 166 997 229 768 2061 128 2489 154 2408 897 196 105 701 36127 34193 9653 9079 1495 279 219 155 1216 879 125
internal_count=43520 7393 5764 5713 3224 1163 166 997 229 768 2061 128 2489 154 2408 897 196 105 701 36127 34193 9653 9079 1495 279 219 155 1216 879 125
is_linear=0
shrinkage=0.05


Tree=11
num_leaves=31
num_cat=0
split_feature=19 20 5 11 10 11 11 24 9 11 10 7 20 7 7 25 10 20 24 13 2 10 7 11 5 25 13 21 11 10
split_gain=787.258 336.487 1014.5 525.598 333.456 475.668 303.123 394.95 214.123 357.821 324.151 738.484 679.545 307.971 758.74 495.115 311.076 277.211 268.92 583.324 361.041 552.219 314.809 258.967 333.352 618.619 562.964 295.307 274.158 253.636
threshold=1.5000000000000002 68.500000000000014 0.15003410641200549 0.24962006079027357 0.23535539215686277 0.27726932357101264 0.12004366812227076 5.5000000000000009 -0.55499999999999983 0.28266560437058963 0.23359159985640784 -0.030769230769230757 51.500000000000007 0.096153846153846173 0.046153846153846149 5.5000000000000009 0.27090053763440863 30.500000000000004 2.5000000000000004 -249.99999999999997 0.065666802144833294 0.1817627494456763 0.046153846153846149 0.13644120384734723 0.083435708435708453 3.5000000000000004 1.0000000180025095e-35 57.750000000000007 0.15706701549969435 0.19049921709496179
decision_type=8 10 10 10 8 10 8 10 10 10 10 10 8 10 10 2 10 8 10 8 8 8 10 10 10 2 8 10 10 10
left_child=1 4 3 6 5 -1 7 -3 9 10 18 12 -12 14 -13 16 -16 -11 19 20 -2 -22 -21 -24 25 26 -25 -26 -27 -29
right_child=8 2 -4 -5 -6 -7 -8 -9 -10 17 11 13 -14 -15 15 -17 -18 -19 -20 22 21 -23 23 24 27 28 -28 29 -30 -31
leaf_value=-0.014425583647716889 0.031213093472418386 0.15380192506313325 0.23007634827550852 0.12752922047739443 -0.039854242614943095 0.13472004886026737 -0.045706916583908935 -0.043011421824877077 -0.00014800685613698594 0.081906411110186109 0.23106809689718136 -0.0069431544231076548 0.033394230818480586 -0.017036869407941899 0.10348479563107521 0.21362452715635302 -0.014500024844618403 -0.040104241970549813 0.0025082020560560324 0.11011625030372717 0.055369074986531187 0.26572195688883465 -0.017728287879242955 0.052522802463284252 -0.031801378186986841 0.12193594546272205 0.28535611408948902 0.12715845893729816 -0.0068685578173072782 -0.021302189780216592
leaf_weight=5338 107 50 53 69 1462 54 315 52 26180 51 85 406 89 384 163 70 85 534 6427 79 65 60 581 54 287 52 50 66 201 51
leaf_count=5338 107 50 53 69 1462 54 315 52 26180 51 85 406 89 384 163 70 85 534 6427 79 65 60 581 54 287 52 50 66 201 51
internal_value=-0.000817419 -0.0156833 0.0223551 -0.000297655 -0.0186746 -0.0129319 -0.0214489 0.0534657 0.00222472 0.0084696 0.0108402 0.0341974 0.129959 0.019159 0.0383568 0.0961926 0.0630464 -0.0294674 0.00713423 0.0251206 0.0986298 0.156338 0.0131191 0.00740912 0.0266008 0.0618043 0.164462 -0.0045073 0.0196051 0.0624448
internal_weight=43520 7393 539 486 6854 5392 417 102 36127 9947 9362 1282 174 1108 724 318 248 585 8080 1653 232 125 1421 1342 761 357 104 404 253 117
internal_count=43520 7393 539 486 6854 5392 417 102 36127 9947 9362 1282 174 1108 724 318 248 585 8080 1653 232 125 1421 1342 761 357 104 404 253 117
is_linear=0
shrinkage=0.05


Tree=12
num_leaves=31
num_cat=0
split_feature=19 20 5 11 10 11 11 6 9 27 5 8 20 13 6 5 10 8 20 21 7 5 10 11 13 7 26 7 5 20
split_gain=710.5 303.68 915.582 474.352 300.944 429.29 273.568 382.173 208.313 373.409 472.87 484.217 201.694 489.386 890.513 2288.66 994.647 445.612 810.983 1193.69 1286.13 340.679 243.297 511.106 215.746 876.263 303.489 205.528 440.003 168.842
threshold=1.5000000000000002 68.500000000000014 0.15003410641200549 0.24962006079027357 0.23535539215686277 0.27726932357101264 0.12004366812227076 0.16464639043980803 -0.86499999999999988 5.5000000000000009 0.060097563263678801 0.12973352033660593 37.500000000000007 1.0000000180025095e-35 0.088273491214667696 0.054699373100303962 0.22229201563372419 0.09449404761904763 53.500000000000007 52.250000000000007 0.05000000000000001 0.13310432712587872 0.15387998105676209 0.19644437420986097 1.0000000180025095e-35 0.27307692307692316 1350.0000000000002 -0.042307692307692289 0.066611203549639494 16.500000000000004
decision_type=8 10 10 10 8 10 8 10 10 2 10 8 8 8 10 8 10 10 8 10 10 10 10 8 10 10 2 10 10 8
left_child=1 4 3 6 5 12 7 -3 9 -2 -11 -12 21 14 15 -14 17 -16 19 20 -19 24 23 27 -1 26 -26 28 -15 -10
right_child=8 2 -4 -5 -6 -7 -8 -9 29 10 11 -13 13 22 16 -17 -18 18 -20 -21 -22 -23 -24 -25 25 -27 -28 -29 -30 -31
leaf_value=-0.037396357676317528 -0.047351488343306956 -0.044111327483103827 0.21857252143464001 0.12115275980769724 -0.037861530395115126 0.12798404699122465 -0.043421570677605888 0.14949232637882234 0.027238894615456023 -0.037308922663331037 0.041079144640402361 0.24815719944649728 0.37706571625450913 -0.04260057004228715 -0.040901831386145206 -0.017855831857809087 0.20235805223553871 0.40328309547901153 -0.025754334884815988 -0.04755850092453115 0.04465675193071366 0.080709486812740178 -0.042312268878048565 0.14829283609705152 0.066501255465878387 0.15395896794734065 -0.02974847272529707 -0.029347083259215558 0.15675382667779925 0.0013451663725188218
leaf_weight=1634 70 52 53 69 1462 54 315 50 641 50 55 58 59 62 512 97 59 50 271 68 50 77 772 53 90 77 910 447 50 35253
leaf_count=1634 70 52 53 69 1462 54 315 50 641 50 55 58 59 62 512 97 59 50 271 68 50 77 772 53 90 77 910 447 50 35253
internal_value=-0.000776548 -0.0148991 0.0212373 -0.000282772 -0.0177409 -0.0122853 -0.0203764 0.0507924 0.00211348 0.0492379 0.0907179 0.147367 -0.0137043 -0.00354173 0.0203223 0.131506 0.00314948 -0.00920941 0.0277531 0.114066 0.22397 -0.0229993 -0.0236469 -0.000101585 -0.025945 -0.00857118 -0.021086 -0.0141712 0.0463969 0.00180758
internal_weight=43520 7393 539 486 6854 5392 417 102 36127 233 163 113 5338 2550 1166 156 1010 951 439 168 100 2788 1384 612 2711 1077 1000 559 112 35894
internal_count=43520 7393 539 486 6854 5392 417 102 36127 233 163 113 5338 2550 1166 156 1010 951 439 168 100 2788 1384 612 2711 1077 1000 559 112 35894
is_linear=0
shrinkage=0.05


Tree=13
num_leaves=31
num_cat=0
split_feature=19 8 11 11 9 11 10 7 6 6 24 7 21 4 24 13 4 2 7 11 11 5 9 4 5 21 4 19 26 28
split_gain=641.227 272.321 1025.38 518.171 188.595 323.402 292.352 667.854 658.013 404.035 546.089 617.19 283.415 272.102 243.045 524.008 795.959 1036.96 285.183 233.319 303.556 209.825 208.938 207.734 231.642 196.159 584.54 188.482 292.339 247.354
threshold=1.5000000000000002 0.12973352033660593 0.12518221574344027 0.24962006079027357 -0.55499999999999983 0.28266560437058963 0.23359159985640784 -0.030769230769230757 0.18406434087232551 0.19449184679560108 3.5000000000000004 0.096153846153846173 55.750000000000007 -0.11299723393045309 2.5000000000000004 -249.99999999999997 -0.105171528826268 0.058034803021024706 0.046153846153846149 0.13644120384734723 0.14685891666089687 0.044482496194824965 -0.64499999999999991 -0.22817121337374843 0.054097090721294552 53.250000000000007 -0.0045248868778280859 2.5000000000000004 1250.0000000000002 1.0000000180025095e-35
decision_type=8 10 8 10 10 10 10 10 8 10 10 10 10 10 10 8 10 8 10 10 10 8 10 8 10 8 8 10 2 10
left_child=1 -1 -3 -4 5 6 14 8 -8 21 11 -11 13 -12 15 16 -2 -18 -17 22 -21 -9 -20 -22 -25 26 -16 -26 -29 -30
right_child=4 2 3 -5 -6 -7 7 9 -10 10 12 -13 -14 -15 25 18 17 -19 19 20 23 -23 -24 24 27 -27 -28 28 29 -31
leaf_value=-0.016631702005716995 -0.0084805614607674738 0.23447385015440922 -0.028442186356810801 0.12176469342000243 -0.00021899204432247158 -0.028197674863358849 0.036740765835821018 0.090193075503943107 0.23250376195102543 0.2055546354353428 2.7538114978421118e-05 0.0067111394368112092 -0.036696517871958871 0.15679806357622147 0.14049643403427167 0.10464739327000668 0.062453311952677643 0.35488426929712297 -0.032746425375833617 0.12061448617776237 -0.045088450262943905 -0.013336238801386062 0.040010746532962438 0.10188553373922001 -0.031070672409443917 0.00087787194289587294 -0.065036955946370184 0.14293843569620601 0.096709310570183935 -0.013750431870096294
leaf_weight=6931 105 51 342 69 26180 585 97 53 77 100 62 64 140 50 88 79 77 50 455 75 120 639 126 88 158 6282 57 53 68 199
leaf_count=6931 105 51 342 69 26180 585 97 53 77 100 62 64 140 50 88 79 77 50 455 75 120 639 126 88 158 6282 57 53 68 199
internal_value=-0.000737721 -0.0141541 0.0230145 -0.00322497 0.00200781 0.00786863 0.0101223 0.0323043 0.123372 0.0180031 0.0569449 0.127957 0.0107305 0.0700144 0.00660282 0.023702 0.0933735 0.177584 0.0123271 0.0068924 0.0251089 -0.00540697 -0.0169678 0.0146673 0.0273364 0.00220497 0.0597005 0.0136119 0.0356739 0.0143816
internal_weight=43520 7393 462 411 36127 9947 9362 1282 174 1108 416 164 252 112 8080 1653 232 127 1421 1342 761 692 581 686 566 6427 145 478 320 267
internal_count=43520 7393 462 411 36127 9947 9362 1282 174 1108 416 164 252 112 8080 1653 232 127 1421 1342 761 692 581 686 566 6427 145 478 320 267
is_linear=0
shrinkage=0.05


Tree=14
num_leaves=31
num_cat=0
split_feature=19 20 5 13 21 8 10 10 20 21 6 20 24 9 8 20 5 6 6 12 24 9 2 9 27 5 17 20 20 10
split_gain=578.707 266.943 823.882 370.616 561.676 504.596 272.634 243.732 187.759 752.472 706.539 303.682 391.018 785.188 400.99 226.723 410.544 281.772 2573.1 291.27 426.704 742.324 503.168 187.368 334.961 445.924 158.263 159.47 323.923 350.719
threshold=1.5000000000000002 68.500000000000014 0.15003410641200549 1.0000000180025095e-35 57.250000000000007 0.11882352941176472 0.23535539215686277 0.23201307189542489 37.500000000000007 53.750000000000007 0.066806136680613679 49.500000000000007 6.5000000000000009 -0.86499999999999988 0.11882352941176472 12.500000000000002 0.13310432712587872 0.13050401550816951 0.13499311294765845 1.0000000180025095e-35 8.5000000000000018 -0.89499999999999991 0.0077834222067964262 -0.86499999999999988 5.5000000000000009 0.090969940367530741 0.057342495204772019 16.500000000000004 15.500000000000002 0.24351898991956014
decision_type=8 10 10 8 8 10 8 10 10 8 8 10 10 10 10 10 10 10 10 8 10 10 8 10 2 10 8 8 10 10
left_child=1 6 3 -3 -5 -6 7 8 15 -10 -11 12 13 14 -12 16 17 -1 -19 -20 22 -22 -21 24 -2 -26 -25 28 29 -28
right_child=23 2 -4 4 5 -7 -8 -9 9 10 11 -13 -14 -15 -16 -17 -18 18 19 20 21 -23 -24 26 25 -27 27 -29 -30 -31
leaf_value=-0.029388982403573606 -0.044881679713726044 -0.045291431884989783 0.20762624988016093 0.1884894776516236 -0.041820974260568619 0.14159036409854889 -0.035261685888393797 0.077401488612998615 0.18251120421970102 0.16795120913731426 -0.017768094378510162 -0.043424908765096727 -0.030003617752295039 0.2227699519307525 0.13621623122467186 -0.029523676363661423 0.12636258042695231 0.30095330493790762 -0.040613133220140603 0.1137018358334899 0.22614831391133761 0.0012580587157925358 -0.039014901568347443 -0.017964603907149195 0.010476852693919386 0.17658205926418305 0.00046450783829679116 0.0017296817424053434 0.1226860536596714 0.1396004376411438
leaf_weight=969 70 234 53 52 150 50 1462 77 57 57 209 461 308 54 53 1969 57 70 484 64 57 103 343 1003 89 74 481 34282 78 50
leaf_count=969 70 234 53 52 150 50 1462 77 57 57 209 461 308 54 53 1969 57 70 484 64 57 103 343 1003 89 74 481 34282 78 50
internal_value=-0.000700835 -0.0134464 0.0204338 1.98145e-05 0.0420945 0.00403186 -0.0161108 -0.0109182 -0.0121977 0.00521423 -0.00363509 -0.0126493 0.0100872 0.049163 0.0133814 -0.0172698 -0.00603188 -0.00964264 0.00742624 -0.0121236 0.0121955 0.0813752 -0.0150005 0.00190742 0.0466 0.0858866 0.0016173 0.00218022 0.0275418 0.0135658
internal_weight=43520 7393 539 486 252 200 6854 5392 5315 1199 1142 1085 624 316 262 4116 2147 2090 1121 1051 567 160 407 36127 233 163 35894 34891 609 531
internal_count=43520 7393 539 486 252 200 6854 5392 5315 1199 1142 1085 624 316 262 4116 2147 2090 1121 1051 567 160 407 36127 233 163 35894 34891 609 531
is_linear=0
shrinkage=0.05


Tree=15
num_leaves=31
num_cat=0
split_feature=9 10 20 7 4 25 9 5 5 11 9 13 20 5 8 25 13 27 8 4 7 8 28 4 9 19 9 6 20 7
split_gain=473.719 268.848 331.059 1261.07 304.365 298.631 525.574 450.074 441.605 830.273 2189.85 2446.23 1022.54 454.64 505.672 486.496 444.952 639.83 2054.37 611.394 581.772 590.993 1716.39 618.5 538.7 510.899 426.657 456.994 1054.51 396.136
threshold=-0.93499999999999994 0.11850096542039672 10.500000000000002 0.18846153846153849 -0.079006843786536426 3.5000000000000004 -0.55499999999999983 0.032748582809866714 0.048820211329149134 0.16132456681049245 -0.86499999999999988 1.0000000180025095e-35 35.500000000000007 0.093785755148741434 0.18634259259259262 4.5000000000000009 -1.0000000180025095e-35 13.500000000000002 0.13714733542319751 0.038961038961038981 -0.042307692307692289 0.12973352033660593 1.0000000180025095e-35 -0.3325652526114965 -0.89499999999999991 3.5000000000000004 -0.8849999999999999 0.08186954288649205 38.500000000000007 0.05000000000000001
decision_type=8 10 8 10 8 2 10 10 10 10 8 10 8 10 10 2 10 2 8 10 10 10 8 8 10 10 10 8 8 10
left_child=-1 4 3 -3 -2 -4 7 -7 9 10 11 -9 -12 14 26 16 19 20 -19 24 -18 23 -23 -22 -15 -25 -10 28 -28 -29
right_child=1 2 5 -5 -6 6 -8 8 13 -11 12 -13 -14 15 -16 -17 17 18 -20 -21 21 22 -24 25 -26 -27 27 29 -30 -31
leaf_value=-0.025795457367135378 -0.021994118675193474 -0.0068815380824563651 -0.0041780162433160449 0.22490144123633704 4.2240172765316737e-05 -0.030623541908405896 0.0014231112244461211 0.49552298544440421 -0.038763044386693875 0.010561342329851219 0.20790189107259116 0.0451380926788899 -0.013548372830114059 0.1505078346121545 0.13693396878847178 0.0080938355774780851 0.20489692693216757 0.3256955695220794 -0.026505386565305013 0.12256756089957416 0.18032015472650531 0.3155659897171933 0.014244409819444021 -0.038067244585071297 -0.019704057120141533 0.068657507047508712 0.20476913940399252 -0.015257638458319242 -0.0099445511625237681 0.023373580225855239
leaf_weight=1562 2182 213 8901 81 5559 471 16853 64 584 560 66 57 248 51 69 1499 57 87 79 113 50 69 150 350 525 165 94 1474 146 1207
leaf_count=1562 2182 213 8901 81 5559 471 16853 64 584 560 66 57 248 51 69 1499 57 87 79 113 50 69 150 350 525 165 94 1474 146 1207
internal_value=0.00124196 0.00224692 0.00414727 0.056977 -0.00616927 0.0036903 0.00648191 0.0168348 0.0197138 0.0508163 0.102639 0.283358 0.0329985 0.0151419 0.00289014 0.0288471 0.0471897 0.0683738 0.158082 0.0162285 0.0506668 0.0394537 0.109181 0.0124265 -0.00463321 -0.00387388 0.000251335 0.00805154 0.0741516 0.00213434
internal_weight=43586 42024 34283 294 7741 33989 25088 8235 7764 995 435 121 314 6769 3574 3195 1696 1007 166 689 841 784 219 565 576 515 3505 2921 240 2681
internal_count=43586 42024 34283 294 7741 33989 25088 8235 7764 995 435 121 314 6769 3574 3195 1696 1007 166 689 841 784 219 565 576 515 3505 2921 240 2681
is_linear=0
shrinkage=0.05


Tree=16
num_leaves=31
num_cat=0
split_feature=9 10 20 11 4 4 25 9 5 2 5 11 7 10 20 6 6 5 20 25 20 11 6 9 5 11 20 9 5 9
split_gain=427.532 242.635 298.781 1157.1 1662.84 274.689 269.514 474.33 406.191 410.067 609.978 619.039 1391.97 434.118 1222.69 1581.48 2886.69 3204.55 748.514 954.819 1106.22 913.17 509.086 503.664 532.439 811.66 919.671 483.273 461.849 1514.32
threshold=-0.93499999999999994 0.11850096542039672 10.500000000000002 0.16441400304414006 -0.59203487220130757 -0.079006843786536426 3.5000000000000004 -0.55499999999999983 0.032748582809866714 0.042331991229023119 0.035149493451939719 0.30793420416061928 1.0000000180025095e-35 0.14694267019785015 42.500000000000007 0.15156985012580684 0.22238707550280254 0.083061785528536422 46.500000000000007 5.5000000000000009 39.500000000000007 0.10234389305987916 0.17399355877616748 -0.75499999999999989 0.095284417268853075 0.15794944742313166 34.500000000000007 -0.67499999999999993 0.048820211329149134 -0.8849999999999999
decision_type=8 10 8 10 8 8 2 10 10 8 10 8 10 10 8 10 10 10 8 2 10 10 10 10 10 10 10 10 10 10
left_child=-1 5 3 -3 -5 -2 -4 8 -8 -10 -11 13 -13 14 27 -16 17 -17 19 23 -21 22 -20 28 -25 -26 -27 -12 29 -15
right_child=1 2 6 4 -6 -7 7 -9 9 10 11 12 -14 18 15 16 -18 -19 21 20 -22 -23 -24 24 25 26 -28 -29 -30 -31
leaf_value=-0.024505684540038226 -0.020894412518121255 -0.050618398757718452 -0.0039691150103066961 -0.0025008904437224073 0.32619322655906141 4.0128004669682073e-05 -0.029092364759834961 0.0013519555876702503 0.0055553171709290918 0.17846657656021972 -0.036635967137242452 0.32609041929244997 0.03496732928870637 0.28432173778613412 0.010597696441870469 0.119561405479908 -0.052431414382798337 0.66684248503649013 0.040894640540028671 0.3250708732008934 0.017481928514806847 -0.020907681711257144 0.23822950451981786 0.029272884997454559 0.018220146043786727 0.36631709449696093 0.094963041575331447 0.121703969017934 -0.0082164838626747443 -0.025085309096451465
leaf_weight=1562 2182 139 8901 84 71 5559 471 16853 3355 67 263 55 162 60 143 54 56 53 91 60 57 1496 51 440 103 53 76 59 894 116
leaf_count=1562 2182 139 8901 84 71 5559 471 16853 3355 67 263 55 162 60 143 54 56 53 91 60 57 1496 51 440 103 53 76 59 894 116
internal_value=0.00117986 0.00213457 0.0039399 0.0541282 0.148062 -0.00586081 0.00350578 0.00615781 0.015993 0.0187281 0.0287519 0.0264417 0.108754 0.0221115 0.0603878 0.131955 0.238422 0.390645 0.0152378 0.0369518 0.17522 -0.00940585 0.111768 0.0276651 0.0615904 0.122882 0.20645 -0.00762337 0.00635876 0.0803944
internal_weight=43586 42024 34283 294 155 7741 33989 25088 8235 7764 4409 4342 217 4125 628 306 163 107 3497 1859 117 1638 142 1742 672 232 129 322 1070 176
internal_count=43586 42024 34283 294 155 7741 33989 25088 8235 7764 4409 4342 217 4125 628 306 163 107 3497 1859 117 1638 142 1742 672 232 129 322 1070 176
is_linear=0
shrinkage=0.05


Tree=17
num_leaves=31
num_cat=0
split_feature=9 6 2 20 2 13 9 10 20 11 4 4 20 14 9 27 27 13 7 8 5 10 10 21 5 4 2 28 11 11
split_gain=386.807 224.701 404.198 407.387 573.579 753.344 1112.68 1736.39 397.446 1804.07 2248.82 294.786 318.308 202.831 198.163 409.44 460.224 1050.4 922.454 2068.93 2027.86 1535.8 475.651 388.654 312.639 473.887 789.286 1173.33 709.026 410.357
threshold=-0.92499999999999993 0.12097769812823578 0.042331991229023119 58.500000000000007 0.065666802144833294 -249.99999999999997 -0.4549999999999999 0.15381115699587042 10.500000000000002 0.16441400304414006 -0.59203487220130757 -0.34430745608092844 12.500000000000002 inf -0.5149999999999999 15.500000000000002 13.500000000000002 -1.0000000180025095e-35 0.015384615384615384 0.13100686498855837 0.058170296542389567 0.18056152670297126 0.22896409578652574 57.250000000000007 0.093785755148741434 -0.039999999999999966 -0.0086581709145427278 1.0000000180025095e-35 0.30461293743372225 0.24247457968388206
decision_type=8 10 10 8 10 10 10 10 8 10 8 8 8 8 10 2 2 10 10 8 10 8 10 10 8 8 8 8 10 8
left_child=-1 2 -2 4 5 -4 7 -7 9 -3 -11 -10 -13 -14 15 16 24 -18 22 20 -20 -22 23 -19 29 26 27 -26 -28 -15
right_child=1 8 3 -5 -6 6 -8 -9 11 10 -12 12 13 14 -16 -17 17 18 19 -21 21 -23 -24 -25 25 -27 28 -29 -30 -31
leaf_value=-0.021639787351618936 -0.0067991579575683086 -0.040061771057737179 -0.03569562604178244 -0.034413285594847465 -0.017220207858592906 0.029036014597370943 -0.010115014901384712 0.40612576036817494 -0.024563350201117187 -0.0051166656017303472 0.46910067856311799 0.11587670678272843 -0.013669854928699038 0.0075631007691717017 0.0021125480670273191 -0.031675158609706974 -0.0048296349465475653 -0.035913140575091047 0.049709911106361283 0.0049506817113708808 0.57144498819844769 0.19934130724933413 0.14833340193144978 0.10861300170421601 0.34861950397491459 0.0048385408772911639 0.021821422061743687 0.031490217660154612 0.17493373181670904 -0.029567131514732656
leaf_weight=1790 9528 156 67 144 141 53 64 72 899 50 50 64 1501 3630 18704 539 642 207 72 148 57 54 64 60 50 2316 1378 70 80 936
leaf_count=1790 9528 156 67 144 141 53 64 72 899 50 50 64 1501 3630 18704 539 642 207 72 148 57 54 64 60 50 2316 1378 70 80 936
internal_value=0.00112087 0.00209564 -0.00441205 0.0376293 0.0637606 0.108363 0.159432 0.24624 0.00416094 0.0662092 0.231992 0.00365621 0.00448604 0.00425236 0.00517977 0.010748 0.0130898 0.0407393 0.0849316 0.143954 0.256371 0.390422 0.0259097 -0.00343536 0.00882804 0.0192363 0.0403675 0.163627 0.0302226 -4.83529e-05
internal_weight=43586 41796 10069 541 397 256 189 125 31727 256 100 31471 30572 30508 29007 10303 9764 1304 662 331 183 111 331 267 8460 3894 1578 120 1458 4566
internal_count=43586 41796 10069 541 397 256 189 125 31727 256 100 31471 30572 30508 29007 10303 9764 1304 662 331 183 111 331 267 8460 3894 1578 120 1458 4566
is_linear=0
shrinkage=0.05


Tree=18
num_leaves=31
num_cat=0
split_feature=4 20 11 6 28 17 25 6 19 5 2 8 28 10 5 20 5 11 11 10 5 21 6 19 4 6 8 11 20 21
split_gain=335.024 545.276 580.01 1357.29 369.685 230.023 241.97 189.827 665.294 654.574 1438.27 2200.49 1803.65 2366.35 1835.2 794.919 581.215 459.982 1388.01 821.042 1042.23 2013.16 1044.64 575.273 548.333 584.799 476.792 276.741 269.393 243.319
threshold=-0.3836184290575268 16.500000000000004 0.18172105672105673 0.13499311294765845 1.0000000180025095e-35 -0.35429485601772087 3.5000000000000004 0.13980128770794523 2.5000000000000004 0.094925981549023833 -0.016877937615724252 0.12973352033660593 1.0000000180025095e-35 0.14694267019785015 0.10747283988222156 50.500000000000007 0.10258989836454627 0.19052498048399688 0.18521554341226473 0.14818911832186171 0.048820211329149134 60.750000000000007 0.18172328715126213 1.5000000000000002 0.043999024872910818 0.17479122818928647 0.14495798319327732 0.21856114066514679 33.500000000000007 55.250000000000007
decision_type=8 8 8 8 8 10 2 8 10 10 10 10 10 8 10 10 10 10 10 10 8 8 10 10 10 8 8 10 8 8
left_child=-1 2 4 -4 -2 6 -3 29 9 17 11 12 -11 -14 -15 -13 -12 18 19 -9 21 -21 -23 28 25 -25 -27 -18 -22 -8
right_child=1 5 3 -5 -6 -7 7 8 -10 10 16 15 13 14 -16 -17 27 -19 -20 20 23 22 -24 24 -26 26 -28 -29 -30 -31
leaf_value=-0.018174860902522013 0.10612674567434524 -0.004255648610678133 0.30809268025251541 0.010936624556779862 -0.010516097625240093 -0.015751153843350393 0.027732209990000135 -0.016821219264148337 0.003128706147780639 -0.0190902677100541 0.11885664348685465 0.45970198517920924 0.44834545879014609 0.3159325758908309 -0.053261784396388318 0.18909094693331885 -0.042536176043534213 -0.02253116424600933 0.28336440993874684 -0.053358529176976949 0.084697187735753909 0.14643839322256322 0.44148621491410522 0.23259132520793235 -0.058091617016880606 0.15473260575870298 -0.057353259932320079 0.05546250702606307 -0.040246241369417735 -0.0032160566991372794
leaf_weight=2151 90 10505 65 94 277 1863 683 806 15393 268 86 51 58 51 99 58 361 673 51 72 51 66 55 73 54 53 53 90 280 9056
leaf_count=2151 90 10505 65 94 277 1863 683 806 15393 268 86 51 58 51 99 58 361 673 51 72 51 66 55 73 54 53 53 90 280 9056
internal_value=0.00106482 0.00206361 0.0526474 0.132416 0.0180884 0.00141321 0.00223217 0.00462012 0.00755486 0.0275407 0.0588211 0.113059 0.0666544 0.177133 0.0722643 0.315707 -0.000264921 0.0121946 0.0266744 0.0182987 0.0556919 0.155984 0.280551 0.0213722 0.0815593 0.123689 0.0486897 -0.0229799 -0.0209951 -0.00104564
internal_weight=43586 41435 526 159 367 40909 39046 28541 18802 3409 1122 585 476 208 150 109 537 2287 1614 1563 757 193 121 564 233 179 106 451 331 9739
internal_count=43586 41435 526 159 367 40909 39046 28541 18802 3409 1122 585 476 208 150 109 537 2287 1614 1563 757 193 121 564 233 179 106 451 331 9739
is_linear=0
shrinkage=0.05


Tree=19
num_leaves=31
num_cat=0
split_feature=9 10 20 7 21 27 9 11 4 4 8 19 20 4 9 10 4 20 4 20 21 5 21 20 10 9 4 10 10 7
split_gain=341.163 221.499 748.426 1827.99 242.564 540.164 353.538 272.618 201.863 234.352 220.601 220.971 419.039 431.728 491.66 537.169 282.368 213.635 162.603 211.277 398.026 169.908 167.374 211.618 365.13 2415.23 259.582 696.036 1640.49 222.617
threshold=-0.93499999999999994 0.17715410573678292 10.500000000000002 0.096153846153846173 53.250000000000007 8.5000000000000018 -0.74499999999999988 0.21303061487007977 -0.14274758983347932 -0.13933703414577725 0.17902930402930406 1.5000000000000002 18.500000000000004 -0.50301478333514937 -0.55499999999999983 0.11706919685643091 -0.39932112756050636 7.5000000000000009 -0.3836184290575268 16.500000000000004 57.250000000000007 0.1273106851394952 58.250000000000007 24.500000000000004 0.17860610263522889 -0.70999999999999985 -0.2857830331362573 0.20691648395455456 0.19763428824606202 0.46153846153846162
decision_type=8 10 8 10 8 2 10 10 8 8 10 10 10 10 10 8 10 10 8 8 8 8 10 10 10 10 8 10 10 10
left_child=-1 8 3 -3 5 -4 -7 -8 10 -10 11 17 13 -13 15 -15 -17 -2 21 20 -20 -6 23 29 25 -25 27 28 -26 -21
right_child=1 2 4 -5 18 6 7 -9 9 -11 -12 12 -14 14 -16 16 -18 -19 19 22 -22 -23 -24 24 26 -27 -28 -29 -30 -31
leaf_value=-0.021933287143630957 0.062604471246401477 -0.01092667635133926 0.18683080619265294 0.36326086014509201 -0.037491859503380666 -0.050250451618208083 0.14836626253167137 -0.0091259430050849907 0.10166656861179753 0.00011011503970991839 0.088773203345964544 -0.048135911566870554 -0.014847178001370696 -0.0022743578140552228 -0.010443569344233692 0.077173349201679231 0.22596936581487004 -0.033857147023081784 0.17898618257045748 -0.0069076001489992702 0.0033841850338401378 0.060481101989746093 -0.0035875757495358908 0.37543945555009095 -0.00092627445333882388 -0.016349969423094461 0.007353615761123926 0.0014806863570970203 0.36783868977427486 0.064513199176408562
leaf_weight=1562 60 94 58 50 385 106 61 50 57 16678 53 105 1800 65 123 50 88 1324 50 3166 91 50 5130 51 76 172 11616 252 50 113
leaf_count=1562 60 94 58 50 385 106 61 50 57 16678 53 105 1800 65 123 50 88 1324 50 3166 91 50 5130 51 76 172 11616 252 50 113
internal_value=0.00101158 0.00186443 0.0053907 0.119 0.00462897 0.0512861 0.0150576 0.0774238 -0.00187236 0.00045602 -0.0124954 -0.0139801 -0.00424366 0.0400402 0.0684404 0.116237 0.172058 -0.0296753 0.00402381 0.00465753 0.0656544 -0.0262306 0.00424056 0.00683209 0.00985917 0.0732521 0.00868053 0.0494568 0.145409 -0.00444632
internal_weight=43586 42024 21621 144 21477 275 217 111 20403 16735 3668 3615 2231 431 326 203 138 1384 21202 20767 141 435 20626 15496 12217 223 11994 378 126 3279
internal_count=43586 42024 21621 144 21477 275 217 111 20403 16735 3668 3615 2231 431 326 203 138 1384 21202 20767 141 435 20626 15496 12217 223 11994 378 126 3279
is_linear=0
shrinkage=0.05


Tree=20
num_leaves=31
num_cat=0
split_feature=9 2 6 8 7 21 25 9 5 10 4 10 27 5 7 21 5 5 8 10 24 6 6 10 27 9 6 5 9 6
split_gain=338.521 402.829 216.099 214.041 719.072 186.513 223.027 633.561 936.502 1658.85 619.555 603.878 942.367 1809.58 1358.02 1245.93 955.059 1909.33 1361.32 1012.76 675.581 828.524 1965.26 633.607 221.514 200.18 257.816 424.693 199.528 168.929
threshold=-0.90499999999999992 -0.015018796992481147 0.057197382769901862 0.12310606060606062 0.030769230769230761 58.250000000000007 3.5000000000000004 -0.85499999999999987 0.13310432712587872 0.19234834932509356 -0.3836184290575268 0.23535539215686277 13.500000000000002 0.058890222755768981 0.030769230769230761 57.250000000000007 0.048820211329149134 0.042719834534781162 0.12973352033660593 0.15387998105676209 5.5000000000000009 0.1556079664570231 0.12509659969088102 0.36749699879951986 8.5000000000000018 -0.78499999999999992 0.076739050423260971 0.066611203549639494 -0.84499999999999986 0.21881706008583693
decision_type=8 8 8 10 10 10 2 10 10 8 8 8 2 10 10 8 8 10 10 10 10 8 10 10 2 10 8 10 10 8
left_child=1 -1 -2 -3 -5 6 24 8 10 -10 29 12 15 -14 -15 -12 17 19 20 -17 21 22 -18 -13 -4 26 27 -26 -7 -8
right_child=2 3 5 4 -6 28 7 -9 9 -11 11 23 13 14 -16 16 18 -19 -20 -21 -22 -23 -24 -25 25 -27 -28 -29 -30 -31
leaf_value=0.10520694497408289 -0.025916739921130375 -0.023666219237042787 0.0084395982250695233 0.17825352269513856 -0.031785074942303398 -0.048104787479306382 -0.045169688634879412 0.0033122807280874913 0.3851656009554863 -0.016319257358335098 -0.043622673682681697 -0.042548137215130476 -0.0053576317700472749 0.12413722153220859 0.4528671101519936 0.23098867988249042 -0.015618763823215276 0.40241498325840902 0.23959823467143596 -0.050134103128939504 -0.043164528937937936 -0.031216093125166718 0.37617054508443465 0.1480803125500679 0.16040611535310745 -0.0024498662992112723 -0.026134047440890804 -0.036164819852250528 -0.0034853246008469184 0.053223886162042627
leaf_weight=66 727 2545 3005 58 137 258 342 18987 50 53 359 340 110 70 57 53 73 59 73 81 283 108 57 50 50 4809 1801 61 8677 50
leaf_count=66 727 2545 3005 58 137 258 342 18987 50 53 359 340 110 70 57 53 73 59 73 81 283 108 57 50 50 4809 1801 61 8677 50
internal_value=-6.10838e-05 -0.0168577 0.00109856 -0.0197979 0.0306879 0.00159059 0.00342608 0.00629579 0.0312728 0.178576 0.0242648 0.0368416 0.0523373 0.143096 0.271677 0.0335679 0.0687793 0.165409 0.0373827 0.0610563 0.00904924 0.0711353 0.156166 -0.0181086 -0.00284532 -0.00789088 -0.0215759 0.0523806 -0.00477372 -0.0326195
internal_weight=43449 2806 40643 2740 195 39916 30981 21255 2268 103 2165 1773 1383 237 127 1146 787 193 594 134 521 238 130 390 9726 6721 1912 111 8935 392
internal_count=43449 2806 40643 2740 195 39916 30981 21255 2268 103 2165 1773 1383 237 127 1146 787 193 594 134 521 238 130 390 9726 6721 1912 111 8935 392
is_linear=0
shrinkage=0.05


Tree=21
num_leaves=31
num_cat=0
split_feature=9 2 6 20 4 11 6 4 28 6 8 7 4 23 21 9 9 20 10 8 4 27 11 6 6 6 20 20 21 11
split_gain=305.515 363.553 195.029 206.669 406.33 961.114 1257.71 289.678 355.824 214.091 193.172 648.962 161.441 168.207 160.044 175.151 167.198 846.046 2012.35 535.37 888.787 595.898 1135.17 1109.24 1369.81 405.349 323.545 438.206 461.976 433.565
threshold=-0.90499999999999992 -0.015018796992481147 0.057197382769901862 16.500000000000004 -0.3836184290575268 0.18172105672105673 0.13980128770794523 -0.30194355505989851 1.0000000180025095e-35 0.083457711442786089 0.12310606060606062 0.030769230769230761 -0.3836184290575268 9.5000000000000018 58.250000000000007 -0.84499999999999986 -0.85499999999999987 67.500000000000014 0.18754042690815009 0.12973352033660593 -0.10771180657112216 13.500000000000002 0.098422752111276712 0.19202649006622521 0.133397807865893 0.066806136680613679 40.500000000000007 28.500000000000004 53.250000000000007 0.083582834331337327
decision_type=8 8 8 8 8 10 10 10 8 8 10 10 8 10 10 10 10 10 8 10 10 2 10 8 10 10 8 10 10 10
left_child=1 -1 -2 4 9 7 -7 8 -6 -4 -3 -12 -5 14 16 -16 17 19 -19 21 -21 25 -23 24 -24 -14 27 -27 29 -29
right_child=2 10 3 12 5 6 -8 -9 -10 -11 11 -13 13 -15 15 -17 -18 18 -20 20 -22 22 23 -25 -26 26 -28 28 -30 -31
leaf_value=0.099946599837505465 -0.024620902991278462 -0.022482908248081659 0.085750443563945067 -0.030596941960330054 0.16859426967523716 0.37285416013002398 0.039299693611951979 -0.030381606456005211 0.012338698469102384 -0.0059976571761531598 0.16934084740692174 -0.030195821549770609 0.11393031890038402 -0.013826326823833619 -0.046375202437659274 -0.0028703454865269731 0.0024482153082416875 0.28477047117466625 -0.018905376069820845 0.012353340219153037 0.26841517844620871 -0.043129401868102199 0.053226780518889433 -0.053443312419183334 0.32397419479522083 -0.042055052006972654 -0.030818475640832451 -0.038225579046341315 -0.04634841900496256 0.09018509218209908
leaf_weight=66 727 2545 69 404 54 50 65 165 112 810 58 137 64 1781 238 8285 25075 94 130 101 51 174 96 66 91 262 1154 83 126 316
leaf_count=66 727 2545 69 404 54 50 65 165 112 810 58 137 64 1781 238 8285 25075 94 130 101 51 174 96 66 91 262 1154 83 126 316
internal_value=-5.80295e-05 -0.0160148 0.00104363 0.00151106 0.0209275 0.0597988 0.184323 0.0165349 0.0631688 0.00120441 -0.0188081 0.0291535 0.000844413 0.00117705 0.00191102 -0.00408519 0.00374388 0.015314 0.10853 0.00723335 0.0982688 0.00154363 0.0551748 0.122783 0.184981 -0.00987807 -0.0139604 0.0107591 0.0371159 0.0634731
internal_weight=43449 2806 40643 39916 1325 446 115 331 166 879 2740 195 38591 38187 36406 8523 27883 2808 224 2584 152 2432 427 253 187 2005 1941 787 525 399
internal_count=43449 2806 40643 39916 1325 446 115 331 166 879 2740 195 38591 38187 36406 8523 27883 2808 224 2584 152 2432 427 253 187 2005 1941 787 525 399
is_linear=0
shrinkage=0.05


Tree=22
num_leaves=31
num_cat=0
split_feature=9 6 6 20 4 11 6 5 4 24 6 4 23 2 25 9 7 13 5 11 7 6 2 9 5 5 5 20 28 20
split_gain=275.727 359.39 176.014 186.519 368.851 688.835 1342.4 381.155 274.355 331.501 203.896 145.701 151.807 145.849 194.405 394.132 286.262 269.831 397.207 789.232 378.632 681.717 1214.41 1050.56 367.211 519.618 342.025 621.257 313.519 418.545
threshold=-0.90499999999999992 0.29429808733309282 0.057197382769901862 16.500000000000004 -0.39932112756050636 0.18172105672105673 0.13499311294765845 0.12965631337389263 -0.30194355505989851 3.5000000000000004 0.12705594329924799 -0.3836184290575268 9.5000000000000018 -0.0050314545017277482 3.5000000000000004 -0.5149999999999999 -0.53846153846153832 1.0000000180025095e-35 0.096186888712661928 0.30461293743372225 0.12692307692307694 0.18968289167313451 -0.0043104249112832791 -0.73499999999999988 0.15926409438158787 0.15003410641200549 0.10206207482993199 49.500000000000007 1.0000000180025095e-35 41.500000000000007
decision_type=8 10 8 8 8 10 8 10 10 10 10 8 10 8 2 10 10 10 10 10 10 10 10 10 10 8 10 10 8 10
left_child=1 -1 -2 4 7 8 -7 -4 9 -6 -11 -5 13 -13 -15 16 -16 18 -18 20 26 22 23 -22 25 -19 27 -20 29 -28
right_child=2 -3 3 11 5 6 -8 -9 -10 10 -12 12 -14 14 15 -17 17 24 19 -21 21 -23 -24 -25 -26 -27 28 -29 -30 -31
leaf_value=-0.01821982781581933 -0.023389857927493578 0.091314349991160559 -0.010341019484136876 -0.029067095147796197 0.16685324391493431 0.35619647288322454 0.02672395599477085 0.11316522692932802 -0.028862525125344596 0.10026823195815088 -0.025415174335568815 -0.0037935669763481342 -0.013135010429910568 -0.003090859555016891 0.12126285116823893 0.00063997604399797074 -0.0037038151259504411 0.025662103617244414 0.17641966860545311 0.18759440579642989 0.37772931421207168 -0.027761488505562801 -0.0097093280596831418 0.075379481379474922 -0.061754568757718065 0.14229776106699549 -0.031578313792819411 -0.034128578786666579 -0.029849131176524015 0.061056187744102181
leaf_weight=2729 727 77 768 404 52 50 81 68 165 50 91 8791 1781 7791 63 12170 3078 2694 76 73 59 122 97 56 114 99 201 65 547 310
leaf_count=2729 727 77 768 404 52 50 81 68 165 50 91 8791 1781 7791 63 12170 3078 2694 76 73 59 122 97 56 114 99 201 65 547 310
internal_value=-5.51279e-05 -0.0152141 0.000991449 0.00143551 0.0198811 0.0543745 0.152477 -0.000295057 0.0184768 0.0589482 0.0191534 0.000802192 0.00111819 0.00181547 0.00360106 0.00623104 0.0151209 0.01424 0.00681359 0.0269709 0.0193221 0.0664029 0.120592 0.230498 0.0262061 0.0297963 0.00620704 0.0793584 -0.00354187 0.0246187
internal_weight=43449 2806 40643 39916 1325 489 131 836 358 193 141 38591 38187 36406 27615 19824 7654 7591 4684 1606 1533 334 212 115 2907 2793 1199 141 1058 511
internal_count=43449 2806 40643 39916 1325 489 131 836 358 193 141 38591 38187 36406 27615 19824 7654 7591 4684 1606 1533 334 212 115 2907 2793 1199 141 1058 511
is_linear=0
shrinkage=0.05


Tree=23
num_leaves=31
num_cat=0
split_feature=9 2 8 7 6 20 10 10 9 13 11 9 20 19 13 10 25 5 9 14 7 25 19 9 28 10 10 8 5 25
split_gain=248.844 328.508 173.138 586.745 158.853 168.333 356.906 526.88 1270.78 503.822 492.37 264.48 202.259 195.041 387.246 180.73 169.33 162.206 135.062 128.249 185.264 118.688 285.117 266.257 556.199 671.768 1966.6 1036.18 1024.76 2187.46
threshold=-0.90499999999999992 -0.015018796992481147 0.12310606060606062 0.030769230769230761 0.057197382769901862 16.500000000000004 0.16851874717043261 0.18696640897186093 -0.87499999999999989 -1.0000000180025095e-35 0.2247448716627152 -0.78499999999999992 10.500000000000002 1.5000000000000002 -149.99999999999997 0.130488327264939 3.5000000000000004 0.048820211329149134 0.049999999999999989 inf -0.27307692307692305 3.5000000000000004 1.5000000000000002 -0.85499999999999987 inf 0.18056152670297126 0.17715410573678292 0.12973352033660593 0.048820211329149134 4.5000000000000009
decision_type=8 8 10 10 8 8 10 10 10 8 10 10 10 10 8 8 2 10 10 8 10 2 10 10 8 8 10 10 8 2
left_child=1 -1 -3 -4 18 6 12 8 -8 10 -9 -10 -6 -14 -15 16 -16 -11 -2 20 -7 22 -21 24 25 26 27 28 29 -23
right_child=4 2 3 -5 5 19 7 9 11 17 -12 -13 13 14 15 -17 -18 -19 -20 21 -22 23 -24 -25 -26 -27 -28 -29 -30 -31
leaf_value=0.095777280854456359 -0.035588309319246385 -0.020587648127835489 0.16159594814325204 -0.028134822627923786 -0.047313483498120673 0.065802469054857898 0.33360247886180883 0.18414125622560581 -0.051671906809012097 0.057460603977625195 -0.020100513577461246 0.094032239131629475 -0.01820884001796896 0.14801103967886706 -0.0050615874203768646 -0.036435561852717617 0.12207334041595459 -0.040774018919631227 0.012523054781526622 -0.025826448874384261 -0.014245281881258304 -0.0077446269097729272 -2.4273818784093331e-05 0.0017259444608262184 -0.048398623405955736 0.0025072346471982903 0.36468178144856994 0.22159926037530642 -0.010843950594591301 0.36179106598719957
leaf_weight=66 525 2545 58 137 197 75 50 72 51 52 50 80 275 65 55 109 50 219 202 1228 1995 107 8356 24898 256 976 51 74 511 64
leaf_count=66 525 2545 58 137 197 75 50 72 51 52 50 80 275 65 55 109 50 219 202 1228 1995 107 8356 24898 256 976 51 74 511 64
internal_value=-5.23716e-05 -0.0144534 -0.0171086 0.0282979 0.000941876 0.00136374 0.0188871 0.0485697 0.119157 0.01606 0.100436 0.0373077 -0.00379982 0.0116734 0.0411273 0.00866263 0.0554789 -0.0219246 -0.0222204 0.000762082 -0.011345 0.00144831 -0.00333031 0.00314851 0.0205193 0.0304144 0.0641658 0.0438929 0.024611 0.130561
internal_weight=43449 2806 2740 195 40643 39916 1325 574 181 393 122 131 751 554 279 214 105 271 727 38591 2070 36521 9584 26937 2039 1783 807 756 682 171
internal_count=43449 2806 2740 195 40643 39916 1325 574 181 393 122 131 751 554 279 214 105 271 727 38591 2070 36521 9584 26937 2039 1783 807 756 682 171
is_linear=0
shrinkage=0.05


Tree=24
num_leaves=31
num_cat=0
split_feature=9 8 11 28 20 4 11 19 28 5 10 4 8 11 13 2 2 26 4 20 2 13 19 4 7 9 26 7 9 20
split_gain=224.582 297.182 509.764 285.722 130.837 327.684 757.276 825.45 278.548 278.436 165.272 154.622 186.67 271.502 503.818 136.528 132.853 245.473 979.448 210.176 501.421 133.07 298.485 912.849 1417.3 126.004 241.695 605.477 168.425 663.145
threshold=-0.90499999999999992 0.12310606060606062 0.22692055545622505 1.0000000180025095e-35 16.500000000000004 -0.3836184290575268 0.18172105672105673 2.5000000000000004 1.0000000180025095e-35 0.12965631337389263 0.25017780938833573 -0.29382979864278996 0.086335403726708088 0.19449848681366194 -1.0000000180025095e-35 -0.0050314545017277482 0.0057389872375463568 2150.0000000000005 -1.0000000180025095e-35 28.500000000000004 0.0025073344509639714 1.0000000180025095e-35 2.5000000000000004 -0.031535710107138633 0.030769230769230761 -0.74499999999999988 1250.0000000000002 1.0000000180025095e-35 -0.72499999999999987 57.500000000000007
decision_type=8 10 8 10 8 8 8 10 8 10 10 8 10 8 10 8 8 2 10 8 10 10 10 8 10 10 2 10 10 10
left_child=1 -1 3 -3 5 9 8 -8 -7 10 -2 12 -6 -14 -15 25 17 19 -19 20 -17 -21 23 -23 -25 26 27 -13 29 -27
right_child=4 2 -4 -5 11 6 7 -9 -10 -11 -12 15 13 14 -16 16 -18 18 -20 21 -22 22 -24 24 -26 28 -28 -29 -30 -31
leaf_value=-0.018346798738976097 -0.015411487808617789 0.097375958281404829 0.18287806648015978 -0.04622039111262119 -0.0397545041591214 0.089716659693778317 0.28603868552895845 0.039091639808918305 -0.018637974435040932 0.091841547593877138 0.071372326981213138 0.17281803987347163 -0.021398059699103373 0.13831936115906998 -0.022517470099510405 0.0075054160169972725 0.0011520347940465322 0.25522018674016 -0.0091674224179015204 -0.00067519102552097933 0.18856625899120616 -0.055611798307474924 0.0085803343289024472 -0.011862040666433482 0.31585062066120889 -0.049803188532146055 -0.035018502734867216 -0.038263313609118367 -0.0033615936737267094 0.18447696414860815
leaf_weight=2597 782 51 50 108 523 79 61 76 238 74 59 52 436 88 109 131 24314 50 117 2698 54 85 1230 65 67 67 701 98 8334 55
leaf_count=2597 782 51 50 108 523 79 61 76 238 74 59 52 436 88 109 131 24314 50 117 2698 54 85 1230 65 67 67 701 98 8334 55
internal_value=-4.97529e-05 -0.0137307 0.0436281 -0.000161185 0.000894783 0.0160895 0.0508174 0.149046 0.00836523 -0.00114158 -0.00932321 0.000365129 -0.0176501 0.000613184 0.0493284 0.000911473 0.00261223 0.0105071 0.0699905 0.00821291 0.0603556 0.00588567 0.0181187 0.0721841 0.154477 -0.00435343 -0.0226924 0.0349116 -0.00250782 0.0558149
internal_weight=43449 2806 209 159 40643 1369 454 137 317 915 841 39274 1156 633 197 38118 28811 4497 167 4330 185 4145 1447 217 132 9307 851 150 8456 122
internal_count=43449 2806 209 159 40643 1369 454 137 317 915 841 39274 1156 633 197 38118 28811 4497 167 4330 185 4145 1447 217 132 9307 851 150 8456 122
is_linear=0
shrinkage=0.05


Tree=25
num_leaves=31
num_cat=0
split_feature=9 6 21 9 9 5 9 2 11 28 4 11 8 5 10 27 4 11 4 21 11 6 4 9 21 2 9 11 5 13
split_gain=213.45 306.129 131.283 231.794 306.557 194.359 189.447 673.792 1305.77 399.927 1061.48 1106.39 700.619 1761.04 2634.04 849.192 800.119 1625.22 521.561 478.49 363.718 1117.35 340.708 313.049 234.474 500.076 215.295 495.784 196.4 313.61
threshold=-0.90499999999999992 0.29429808733309282 57.750000000000007 -0.85499999999999987 -0.84499999999999986 0.037113559840832575 -0.85499999999999987 -0.0025094142391153909 0.13049154274037919 1.0000000180025095e-35 -0.028273093099094374 0.10020920502092052 0.12973352033660593 0.096186888712661928 0.17392886526169232 13.500000000000002 -0.2517653313838536 0.20434031865630645 -0.3562811004696767 52.750000000000007 0.12219708396178985 0.17860809621589913 -0.54369410378621519 -0.84499999999999986 53.250000000000007 0.025664549517760541 -0.89499999999999991 0.18696740945053353 0.055617421430339035 1.0000000180025095e-35
decision_type=8 10 10 10 10 8 10 8 10 10 10 8 8 10 8 2 8 8 10 10 10 8 8 10 8 10 10 10 8 10
left_child=1 -1 5 -4 -5 -2 7 8 -7 10 28 -12 15 16 -15 22 17 -14 -17 -13 21 -18 -11 -8 25 -25 27 -24 29 -9
right_child=2 -3 3 4 -6 6 23 9 -10 12 11 19 13 14 -16 18 20 -19 -20 -21 -22 -23 26 24 -26 -27 -28 -29 -30 -31
leaf_value=-0.016807615235338236 -0.017255920903316062 0.082429946288466449 -0.036555017568314856 0.103441945835948 -0.0030035718317033173 -0.04599501124599524 -0.043347198881815117 -0.022344084281139275 0.28070252199064599 0.084201609902083877 0.2865670735898771 -0.051360128556446331 0.3432324038887466 0.51548735725879669 0.056095476179237824 0.2463855102658272 -0.037031324465687458 -0.039551632289300892 0.024407930184494366 0.14488610070943833 -0.036123365387574803 0.24504071246340589 -0.042517919681574173 0.15305786502512198 0.0016762667940012439 0.012411187089319473 -0.043632385072392456 0.1519971497654915 -0.033992175302217945 0.093293814501341665
leaf_weight=2718 1216 80 518 68 12741 57 381 189 66 72 57 82 54 50 83 51 104 57 55 50 293 53 95 79 22189 316 574 50 1053 85
leaf_count=2718 1216 80 518 68 12741 57 381 189 66 72 57 82 54 50 83 51 104 57 55 50 293 53 95 79 22189 316 574 50 1053 85
internal_value=-0.000611347 -0.0139702 0.000306179 -0.00376453 -0.00243848 0.00228533 0.00319245 0.0145305 0.129306 0.00998671 -0.00839032 0.102471 0.0274974 0.0652192 0.228799 -0.00168754 0.0264383 0.146668 0.131208 0.0229756 -0.00321832 0.0581904 -0.0194966 0.00159778 0.00235601 0.0405405 -0.0298809 0.0245562 -0.02418 0.013529
internal_weight=43536 2798 40738 13327 12809 27411 26195 3230 123 3107 1516 189 1591 694 133 897 561 111 106 132 450 157 791 22965 22584 395 719 145 1327 274
internal_count=43536 2798 40738 13327 12809 27411 26195 3230 123 3107 1516 189 1591 694 133 897 561 111 106 132 450 157 791 22965 22584 395 719 145 1327 274
is_linear=0
shrinkage=0.05


Tree=26
num_leaves=31
num_cat=0
split_feature=9 6 20 27 5 5 25 10 8 4 21 6 11 27 20 11 20 9 10 27 5 10 10 11 9 9 4 24 20 20
split_gain=192.639 276.281 170.248 540.598 665.203 1254.96 1123.78 1288.17 939.33 198.61 119.071 160.212 298.226 263.134 345.161 231.141 314.406 396.132 197.947 283.953 192.681 172.139 814.591 186.663 908.855 240.447 174.461 181.486 438.593 1849.74
threshold=-0.90499999999999992 0.29429808733309282 12.500000000000002 13.500000000000002 0.050050100200400814 0.057185886402753877 3.5000000000000004 0.1574679989818791 0.089572192513368995 -0.3836184290575268 58.250000000000007 0.17860809621589913 0.076629477392836196 12.500000000000002 41.500000000000007 0.09441390580894371 16.500000000000004 -0.55499999999999983 0.086079144501139945 11.500000000000002 0.077001092214073974 0.36749699879951986 0.39071479885057475 0.095389748255990309 -0.85499999999999987 -0.8849999999999999 -0.3562811004696767 2.5000000000000004 38.500000000000007 37.500000000000007
decision_type=8 10 8 2 10 10 2 10 10 8 10 10 8 2 8 10 8 10 10 2 8 10 10 10 10 8 8 10 8 10
left_child=1 -1 3 4 -2 -6 -7 -8 -9 -4 11 15 13 20 -15 -11 17 -17 19 -18 -13 23 -23 24 -20 -25 -27 28 29 -28
right_child=2 -3 9 -5 5 6 7 8 -10 10 -12 12 -14 14 -16 16 18 -19 21 -21 -22 22 -24 25 -26 26 27 -29 -30 -31
leaf_value=-0.015967234482850284 -0.052310319126084227 0.0783084511756897 -0.027915159060260444 -0.050632447066084711 0.30173919231824153 -0.032244868034666238 -0.0075832386558153195 0.36948820520488046 0.086695264144377282 -0.012103453801685937 -0.0047323258866071444 0.083899940855123784 0.0045984135591212389 0.034722869284451008 0.19336714878678324 0.13835075214181258 0.003784000288660281 -0.027630309836339143 0.22588604989479172 0.1356559299609878 -0.0027395179628822877 0.18633960157632828 -0.013328995189023397 -0.034408503742552797 -0.0091013286586688925 0.076101191461086279 0.018363771654581758 -0.0033605964304895203 -0.00037799785167326726 0.30085909045659581
leaf_weight=2718 138 80 635 193 53 231 98 63 55 3856 9122 88 12046 80 60 92 107 59 53 66 237 70 189 527 184 75 534 9963 1799 65
leaf_count=2718 138 80 635 193 53 231 98 63 55 3856 9122 88 12046 80 60 92 107 59 53 66 237 70 189 527 184 75 534 9963 1799 65
internal_value=-0.000580779 -0.0132717 0.00029087 0.0226902 0.0448709 0.0716929 0.0444167 0.126402 0.237678 -0.000175561 0.000272968 0.00178734 0.00611512 0.045406 0.102713 -0.00128227 0.00174512 0.0734972 0.000950326 0.0540935 0.0207198 0.000267232 0.0406355 -0.000524843 0.0434486 -0.0013288 7.30174e-05 -0.000388281 0.0119608 0.0490185
internal_weight=43536 2798 40738 831 638 500 447 216 118 39907 39272 30150 12511 465 140 17639 13783 151 13632 173 325 13459 259 13200 237 12963 12436 12361 2398 599
internal_count=43536 2798 40738 831 638 500 447 216 118 39907 39272 30150 12511 465 140 17639 13783 151 13632 173 325 13459 259 13200 237 12963 12436 12361 2398 599
is_linear=0
shrinkage=0.05


Tree=27
num_leaves=31
num_cat=0
split_feature=9 2 6 10 19 26 24 27 9 2 7 9 13 1 9 28 25 4 8 11 8 5 5 8 2 5 11 11 12 27
split_gain=173.857 293.194 142.427 126.448 176.281 149.4 143.363 141.185 188.555 143.303 248.695 313.857 181.834 143.218 156.246 415.567 373.671 301.105 273.49 504.298 502 1812.37 837.893 319.439 283.38 258.593 235.042 686.523 810.061 490.817
threshold=-0.90499999999999992 -0.015018796992481147 0.34708049886621323 0.077254641909814334 1.5000000000000002 2150.0000000000005 17.500000000000004 15.500000000000002 -0.64499999999999991 -0.019521722560975657 -0.076923076923076913 -0.040000000000000029 550.00000000000011 0.462650756363789 -0.58999999999999986 inf 2.5000000000000004 0.25584815321477439 0.13714733542319751 0.11439476553980372 0.12660256410256412 0.14097638477648591 0.052730883813306859 0.096006144393241177 -0.0011869641050783408 0.032748582809866714 0.15945152423788109 0.1620582738702005 1.0000000180025095e-35 12.500000000000002
decision_type=8 8 8 10 8 2 10 2 10 10 10 10 8 8 10 8 2 10 10 10 10 10 10 10 8 8 8 8 8 2
left_child=1 -1 -3 4 -2 -6 7 13 -9 12 11 -11 -10 -5 15 16 -15 18 20 -20 23 22 -22 25 -24 -18 -27 28 -28 -29
right_child=3 2 -4 6 5 -7 -8 8 9 10 -12 -13 -14 14 -16 -17 17 -19 19 -21 21 -23 24 -25 -26 26 27 29 -30 -31
leaf_value=0.091525689038363375 -0.033729584134507697 -0.016698383453765144 0.067649343069277557 -0.018048969808214254 -0.0056956339706765845 0.066893951288641326 0.074152590979391073 -0.035741520142635111 -0.022640682583737446 0.1766376401782036 -0.0062097253664484568 0.021872503914331137 0.061607087288104316 -0.041515612902047042 -0.00016267202928634073 -0.019301027762376265 -0.025805558835395134 -0.053974865474516444 0.12344719011050005 -0.020602330930378974 0.18726412395932782 0.35333986425399783 0.095429284512996676 -0.026487404901485941 -0.037266147122221087 0.0095109121200729566 0.015449489038141948 0.012499257899409316 0.26900523782722535 0.056739676846852521
leaf_weight=66 601 2681 51 902 2444 73 67 597 654 50 265 95 71 333 23755 1323 347 168 65 931 67 50 50 462 206 3652 63 2553 63 831
leaf_count=66 601 2681 51 902 2444 73 67 597 654 50 265 95 71 333 23755 1323 347 168 65 931 67 50 50 462 206 3652 63 2553 63 831
internal_value=-0.00055174 -0.0126081 -0.0151238 0.000276326 -0.00939973 -0.00359033 0.00107829 0.000947917 -0.0129945 -0.0010297 0.0225956 0.0752398 -0.0143902 0.00162205 0.00213018 0.00700895 0.010546 0.0123694 0.0135627 -0.0112015 0.0165187 0.0732127 0.0298493 0.0138658 -0.0113491 0.0163485 0.0183909 0.0276302 0.142227 0.0233633
internal_weight=43536 2798 2732 40738 3118 2517 37620 37553 1732 1135 410 145 725 35821 34919 11164 9841 9508 9340 996 8344 373 323 7971 256 7509 7162 3510 126 3384
internal_count=43536 2798 2732 40738 3118 2517 37620 37553 1732 1135 410 145 725 35821 34919 11164 9841 9508 9340 996 8344 373 323 7971 256 7509 7162 3510 126 3384
is_linear=0
shrinkage=0.05


Tree=28
num_leaves=31
num_cat=0
split_feature=11 4 8 21 20 9 21 13 14 11 9 5 5 13 9 20 10 11 8 25 11 8 13 21 19 19 10 20 20 5
split_gain=157.414 203.93 202.884 485.007 153.783 350.336 1049.7 451.289 134.511 139.675 1130.17 1923.15 739.449 1030.82 129.307 280.507 1071.85 2131.8 278.657 394.687 452.092 114.233 105.418 256.671 116.268 102.406 231.824 217.593 1293.29 1210.82
threshold=0.093080255357957151 -0.090006165228113472 0.1526806526806527 57.750000000000007 50.500000000000007 -0.78499999999999992 57.250000000000007 -449.99999999999994 inf 0.10234389305987916 -0.85499999999999987 0.11096772259817766 0.068202219683368717 -1.0000000180025095e-35 -0.90499999999999992 10.500000000000002 0.16903426288389364 0.20802462360280263 0.12310606060606062 4.5000000000000009 0.17570394662444874 0.070197044334975381 -249.99999999999997 62.250000000000007 3.5000000000000004 1.5000000000000002 0.36749699879951986 40.500000000000007 37.500000000000007 0.059617838264779156
decision_type=10 8 10 10 10 10 8 10 8 10 8 10 8 10 10 8 10 10 10 2 10 8 8 8 10 10 10 10 10 8
left_child=1 -1 4 -4 -3 6 -6 -8 21 10 11 12 13 -10 18 16 -16 -18 -11 20 -20 -2 23 -12 -24 26 27 28 -17 -30
right_child=8 2 3 -5 5 -7 7 -9 9 14 22 -13 -14 -15 15 25 17 -19 19 -21 -22 -23 24 -25 -26 -27 -28 -29 29 -31
leaf_value=-0.019048241510229384 0.049652760455737244 -0.0086084693450329489 0.18115667480230332 -0.025293965660261389 0.26392119357792232 0.00059691396665961479 0.1237771073008998 -0.043783556693603121 -0.035680734773632143 -0.019038621697829678 -0.026641033954090544 0.38408495686948302 -0.044395081904845507 0.22447721336750273 -0.058202798664569858 -0.013470690694494962 0.34946300755396037 -0.080944009972553632 0.0018089415075687263 -0.054310889681011942 0.20836491626169951 -0.01360247945500985 -0.039638760072343487 0.096858882375910324 -0.0017973245531320574 0.0022961581625915934 0.077064529042213392 -0.033907998887357023 0.29133462656821524 0.0048872519380007036
leaf_weight=2379 74 4065 50 66 52 1719 59 126 64 1535 90 50 123 94 105 1776 66 51 52 59 54 2011 272 79 800 26722 78 717 70 78
leaf_count=2379 74 4065 50 66 52 1719 59 126 64 1535 90 50 123 94 105 1776 66 51 52 59 54 2011 272 79 800 26722 78 717 70 78
internal_value=-0.000524153 -0.00662102 -0.00180363 0.0636934 -0.00306549 0.00845405 0.0654431 0.00965471 0.000958455 0.00173813 0.0162821 0.0983714 0.0475327 0.119097 0.00100915 0.00177773 0.0577708 0.16185 -0.0124017 0.049342 0.107036 -0.0113574 -0.00561277 0.0310897 -0.0113989 0.00135551 -0.00788905 -0.0103981 -0.00163686 0.140369
internal_weight=43536 8516 6137 116 6021 1956 237 185 35020 32935 1572 331 281 158 31363 29663 222 117 1700 165 106 2085 1241 169 1072 29441 2719 2641 1924 148
internal_count=43536 8516 6137 116 6021 1956 237 185 35020 32935 1572 331 281 158 31363 29663 222 117 1700 165 106 2085 1241 169 1072 29441 2719 2641 1924 148
is_linear=0
shrinkage=0.05


Tree=29
num_leaves=31
num_cat=0
split_feature=6 20 6 6 4 20 24 10 13 5 27 9 5 10 4 5 19 19 11 5 10 20 19 19 19 5 9 10 9 20
split_gain=154.764 184.68 1334.66 593.732 245.533 194.957 194.501 520.33 212.931 322.026 190.452 176.398 165.864 149.19 198.233 541.171 201.813 374.681 184.462 264.505 188.688 1215.38 866.536 209.776 192.928 159.993 143.992 299.354 138.922 296.296
threshold=0.12097769812823578 10.500000000000002 0.13499311294765845 0.20516996575628502 -0.34430745608092844 12.500000000000002 14.500000000000002 0.13573044602456369 -1.0000000180025095e-35 0.083435708435708453 15.500000000000002 -0.53499999999999981 0.096186888712661928 0.14274518584863413 -0.2857830331362573 0.049397240377632538 1.5000000000000002 2.5000000000000004 0.062781531531531543 0.090969940367530741 0.14992107250833012 18.500000000000004 2.5000000000000004 2.5000000000000004 3.5000000000000004 0.10592839972004992 -0.10000000000000001 0.19119263089851327 -0.75499999999999989 17.500000000000004
decision_type=10 8 10 10 8 8 10 8 8 10 2 10 8 10 8 10 10 10 8 10 10 10 10 10 8 10 10 10 8 8
left_child=28 2 -2 -4 -3 -6 10 -8 9 -9 13 -12 -13 -7 15 -15 -17 -18 19 -16 21 22 -20 -23 -25 -19 27 -14 -1 -30
right_child=1 4 3 -5 5 6 7 8 -10 -11 11 12 26 14 18 16 17 25 20 -21 -22 23 -24 24 -26 -27 -28 -29 29 -31
leaf_value=-0.013588807493472646 0.25128149904310704 -0.020897011175668043 -0.052530070778448137 0.13793164603412153 0.085079055513654439 -0.004420153904764146 0.15769839487555956 0.15738752584617874 -0.019026993264976359 -0.0063835722249998179 -0.043455528985248522 -0.033741093051771746 -0.016481051636192037 0.19367101263999942 0.15271210160851478 -0.040650412429449632 0.15479605501251562 -0.051357106438704905 0.28054243433086773 0.0092806772556569845 0.0018856759628793002 -0.054484407005733572 0.056044774907722805 0.083377346694469459 0.00095542186602548648 0.058939463717322199 -0.00023052219132130796 0.15320891954150856 0.064596949328075762 -0.0031856614873712157
leaf_weight=3666 60 1247 192 52 70 7141 72 52 224 71 445 282 53 50 50 103 56 70 69 90 20769 152 114 80 631 62 352 51 165 7045
leaf_count=3666 60 1247 192 52 70 7141 72 52 224 71 445 282 53 50 50 103 56 70 69 90 20769 152 114 80 631 62 352 51 165 7045
internal_value=-0.000497946 0.00122237 0.0400117 -0.0119399 0.000857922 0.00172997 0.00154199 0.0353775 0.00999675 0.062853 0.00107899 -0.0185914 -0.00359888 0.0018695 0.00388396 0.0417137 0.0156042 0.0464246 0.0032964 0.0605062 0.00292925 0.0236501 0.140691 -0.00116868 0.0102293 0.000448858 0.0150417 0.0667323 -0.00566394 -0.00163446
internal_weight=43536 32660 304 244 32356 31109 31039 419 347 123 30620 1183 738 29437 22296 341 291 188 21955 140 21815 1046 183 863 711 132 456 104 10876 7210
internal_count=43536 32660 304 244 32356 31109 31039 419 347 123 30620 1183 738 29437 22296 341 291 188 21955 140 21815 1046 183 863 711 132 456 104 10876 7210
is_linear=0
shrinkage=0.05


end of trees

feature_importances:
agf_edge=100
jockey_win_rate=83
sire_surface_rate=81
hp_raw=81
sire_win_rate=77
trainer_win_rate=65
class_indicator=64
surface_affinity=48
weight_delta=45
gate_bias=39
distance_delta_m=34
weight_kg_raw=31
agf_raw=29
field_size=28
age=27
surface_is_kum=21
gate_number=19
equipment_changed=11
distance_meters=8
surface_switch=4
s20_edge=2
s20_raw=2
form_cycle=1

parameters:
[boosting: gbdt]
[objective: regression]
[metric: l2]
[tree_learner: serial]
[device_type: cpu]
[data_sample_strategy: bagging]
[data: ]
[valid: ]
[num_iterations: 500]
[learning_rate: 0.05]
[num_leaves: 31]
[num_threads: 0]
[seed: 0]
[deterministic: 0]
[force_col_wise: 0]
[force_row_wise: 0]
[histogram_pool_size: -1]
[max_depth: -1]
[min_data_in_leaf: 50]
[min_sum_hessian_in_leaf: 0.001]
[bagging_fraction: 0.85]
[pos_bagging_fraction: 1]
[neg_bagging_fraction: 1]
[bagging_freq: 5]
[bagging_seed: 3]
[bagging_by_query: 0]
[feature_fraction: 0.9]
[feature_fraction_bynode: 1]
[feature_fraction_seed: 2]
[extra_trees: 0]
[extra_seed: 6]
[early_stopping_round: 0]
[early_stopping_min_delta: 0]
[first_metric_only: 0]
[max_delta_step: 0]
[lambda_l1: 0]
[lambda_l2: 0]
[linear_lambda: 0]
[min_gain_to_split: 0]
[drop_rate: 0.1]
[max_drop: 50]
[skip_drop: 0.5]
[xgboost_dart_mode: 0]
[uniform_drop: 0]
[drop_seed: 4]
[top_rate: 0.2]
[other_rate: 0.1]
[min_data_per_group: 100]
[max_cat_threshold: 32]
[cat_l2: 10]
[cat_smooth: 10]
[max_cat_to_onehot: 4]
[top_k: 20]
[monotone_constraints: ]
[monotone_constraints_method: basic]
[monotone_penalty: 0]
[feature_contri: ]
[forcedsplits_filename: ]
[refit_decay_rate: 0.9]
[cegb_tradeoff: 1]
[cegb_penalty_split: 0]
[cegb_penalty_feature_lazy: ]
[cegb_penalty_feature_coupled: ]
[path_smooth: 0]
[interaction_constraints: ]
[verbosity: -1]
[saved_feature_importance_type: 0]
[use_quantized_grad: 0]
[num_grad_quant_bins: 4]
[quant_train_renew_leaf: 0]
[stochastic_rounding: 1]
[linear_tree: 0]
[max_bin: 255]
[max_bin_by_feature: ]
[min_data_in_bin: 3]
[bin_construct_sample_cnt: 200000]
[data_random_seed: 1]
[is_enable_sparse: 1]
[enable_bundle: 1]
[use_missing: 1]
[zero_as_missing: 0]
[feature_pre_filter: 1]
[pre_partition: 0]
[two_round: 0]
[header: 0]
[label_column: ]
[weight_column: ]
[group_column: ]
[ignore_column: ]
[categorical_feature: ]
[forcedbins_filename: ]
[precise_float_parser: 0]
[parser_config_file: ]
[objective_seed: 5]
[num_class: 1]
[is_unbalance: 0]
[scale_pos_weight: 1]
[sigmoid: 1]
[boost_from_average: 1]
[reg_sqrt: 0]
[alpha: 0.9]
[fair_c: 1]
[poisson_max_delta_step: 0.7]
[tweedie_variance_power: 1.5]
[lambdarank_truncation_level: 30]
[lambdarank_norm: 1]
[label_gain: ]
[lambdarank_position_bias_regularization: 0]
[eval_at: ]
[multi_error_top_k: 1]
[auc_mu_weights: ]
[num_machines: 1]
[local_listen_port: 12400]
[time_out: 120]
[machine_list_filename: ]
[machines: ]
[gpu_platform_id: -1]
[gpu_device_id: -1]
[gpu_use_dp: 0]
[num_gpu: 1]

end of parameters

pandas_categorical:[]
